Tablas/Vv0020w.ecsv
# %ECSV 0.9
# ---
# datatype:
# - {name: id, datatype: int64, format: '%.8g'}
# - {name: xcenter, unit: pix, datatype: float64, format: '%.8g'}
# - {name: ycenter, unit: pix, datatype: float64, format: '%.8g'}
# - {name: sky_center.ra, unit: deg, datatype: float64}
# - {name: sky_center.dec, unit: deg, datatype: float64}
# - {name: aperture_sum, datatype: float64, format: '%.8g'}
# - {name: aper_bkg, datatype: float64, format: '%.8g'}
# - {name: aper_sum_bkgsub, datatype: float64, format: '%.8g'}
# - {name: inst_mag, datatype: float64, format: '%.8g'}
# - {name: inst_mag_err, datatype: float64, format: '%.8g'}
# meta: !!omap
# - {name: Aperture photometry results}
# - {version: 'astropy: 3.2.3, photutils: 0.7.2'}
# - {aperture_photometry_args: 'method=''exact'', subpixels=5'}
# - {filename: Vv0020w.fits}
# - {mjd: 58756.055382}
# - __serialized_columns__:
#     sky_center:
#       __class__: astropy.coordinates.sky_coordinate.SkyCoord
#       dec: !astropy.table.SerializedColumn
#         __class__: astropy.coordinates.angles.Latitude
#         unit: &id001 !astropy.units.Unit {unit: deg}
#         value: !astropy.table.SerializedColumn {name: sky_center.dec}
#       equinox: !astropy.time.Time {format: jyear, in_subfmt: '*', jd1: 2451545.0, jd2: 0.0, out_subfmt: '*', precision: 3, scale: tt}
#       frame: fk5
#       ra: !astropy.table.SerializedColumn
#         __class__: astropy.coordinates.angles.Longitude
#         unit: *id001
#         value: !astropy.table.SerializedColumn {name: sky_center.ra}
#         wrap_angle: !astropy.coordinates.Angle
#           unit: *id001
#           value: 360.0
#       representation_type: spherical
#     xcenter:
#       __class__: astropy.units.quantity.Quantity
#       __info__: {format: '%.8g'}
#       unit: &id002 !astropy.units.Unit {unit: pix}
#       value: !astropy.table.SerializedColumn {name: xcenter}
#     ycenter:
#       __class__: astropy.units.quantity.Quantity
#       __info__: {format: '%.8g'}
#       unit: *id002
#       value: !astropy.table.SerializedColumn {name: ycenter}
# schema: astropy-2.0
id xcenter ycenter sky_center.ra sky_center.dec aperture_sum aper_bkg aper_sum_bkgsub inst_mag inst_mag_err
1 288.90267 934.40673 339.9309116332052 -46.958963466049454 86179.987 80243.546 5936.4406 15.566185 0.0032650688
2 96.84506 914.84087 339.97534729282194 -46.9560703554799 83854.989 82680.263 1174.7264 17.325158 0.0033534446
3 828.64328 856.981 339.8063180584164 -46.94610018595023 95160.959 78861.382 16299.578 14.469559 0.0031416528
4 967.43527 838.21857 339.7743848599585 -46.942926485111876 84504.507 79216.881 5287.626 15.691848 0.0033255976
5 316.63051 829.50009 339.9244439002668 -46.94245405519429 310515.12 80888.706 229626.41 11.597445 0.0014406956
6 378.83019 813.7988 339.91007312865753 -46.93991908672667 81796.297 80184.034 1612.263 16.98141 0.0035092286
7 135.31233 784.42579 339.96633241871183 -46.93555272663725 84102.444 82222.427 1880.0165 16.814596 0.0033342452
8 262.43385 738.74796 339.9369420881023 -46.928255637474635 148732.99 81118.713 67614.278 12.924904 0.002263376
9 525.55413 710.45894 339.87625020596397 -46.92350777142691 82234.005 80074.486 2159.5187 16.664108 0.0033946489
10 597.29861 691.9489 339.8597350114747 -46.920505279732915 82852.99 80182.936 2670.054 16.4337 0.0034695954
11 869.24858 639.6536 339.79724228355155 -46.91188491038585 95314.383 79783.284 15531.099 14.521995 0.0031412761
12 199.73971 624.22848 339.95141433252803 -46.91033256266307 82802.506 81621.847 1180.6594 17.319688 0.0033903319
13 348.33721 603.44079 339.9171538445837 -46.90691105138251 96479.178 80654.06 15825.118 14.501633 0.0029454204
14 301.28412 499.03299 339.92806616081225 -46.89056608723786 84129.936 81336.375 2793.5609 16.384605 0.0034306935
15 512.16048 482.96823 339.8795575105865 -46.88779094267845 82228.959 81090.293 1138.6659 17.359009 0.0035849127
16 212.45378 469.97846 339.94854866215985 -46.886097219955246 104266.6 81623.32 22643.282 14.112652 0.0028641833
17 243.32032 456.82408 339.94144960001574 -46.883999886869965 86878.746 82040.558 4838.1878 15.788293 0.0033079491
18 254.23778 440.96406 339.9389496824826 -46.88149798439518 84589.559 81792.382 2797.1762 16.3832 0.0033387162
19 420.14828 440.04571 339.9007741119037 -46.88116535806628 114781.58 81080.781 33700.803 13.680899 0.0027577151
20 478.10761 435.83748 339.88745346935605 -46.880432457313745 96509.672 80864.111 15645.562 14.514022 0.00310301
21 634.16481 407.97306 339.8516499887513 -46.875846098831545 289163.22 81340.226 207823 11.705766 0.0015231779
22 426.05807 367.72675 339.8995202276603 -46.86980116843778 85022.357 81547.303 3475.0536 16.147596 0.003310822
23 512.14757 368.6855 339.8797409501453 -46.86984244260774 83904.83 81604.241 2300.5892 16.595402 0.0034162957
24 754.44162 337.76273 339.82421229624833 -46.86464007694389 85611.543 80812.667 4798.8759 15.797151 0.0033723095
25 722.17307 314.14817 339.83166735820424 -46.86098041270324 90138.321 81115.216 9023.1058 15.11161 0.0031819741
26 489.49045 241.16422 339.8851945101811 -46.84984680351322 94554.524 81300.984 13253.54 14.69417 0.0030831389
27 908.39402 237.6849 339.7892403804744 -46.848671184765365 83679.406 80712.223 2967.1828 16.319139 0.0033575622
28 788.39604 233.4041 339.8167145632464 -46.848196077746856 84767.431 80815.868 3951.5626 16.008078 0.0034208948
29 696.31798 229.44001 339.837811394823 -46.847715685697366 82291.158 80766.174 1524.9842 17.041837 0.0034638288
30 242.93602 219.20996 339.94183711492633 -46.846692686002555 85117.162 82397.37 2719.7921 16.413661 0.0033223955
31 441.16601 211.05229 339.89634604413055 -46.845180631192434 84732.939 81690.491 3042.4477 16.291942 0.0033133039
32 983.23623 207.69492 339.7722259618557 -46.843830557519006 84522.609 80293.39 4229.2196 15.934349 0.0034127822
33 769.90213 165.10198 339.8211530470592 -46.83749844653641 83939.407 80415.028 3524.3795 16.132293 0.0034558135
34 786.79393 152.33138 339.8173289721664 -46.83546609775716 83638.617 80346.997 3291.6197 16.206476 0.0034418571
35 791.98804 145.7778 339.8161619852488 -46.83442859657349 83743.279 80355.007 3388.2718 16.175054 0.0034407462
36 223.78788 135.51723 339.94638567553443 -46.83357465085982 84401.775 82618.94 1782.8357 16.872222 0.003423283
37 180.71134 118.98857 339.95630639867977 -46.83102506663694 86979.488 83312.361 3667.1269 16.089185 0.0033487818
38 704.88898 118.81807 339.8361721151953 -46.8303308719412 83774.924 80688.838 3086.0859 16.27648 0.0033515647
39 21.834087 26.011815 339.99295762880223 -46.81658368813214 91185.371 47965.752 43219.62 13.410798 0.02495623
