Tablas/Vv0028w.ecsv
# %ECSV 0.9
# ---
# datatype:
# - {name: id, datatype: int64, format: '%.8g'}
# - {name: xcenter, unit: pix, datatype: float64, format: '%.8g'}
# - {name: ycenter, unit: pix, datatype: float64, format: '%.8g'}
# - {name: celestial_center.ra, unit: deg, datatype: float64}
# - {name: celestial_center.dec, unit: deg, datatype: float64}
# - {name: aperture_sum, datatype: float64, format: '%.8g'}
# - {name: aper_bkg, datatype: float64, format: '%.8g'}
# - {name: aper_sum_bkgsub, datatype: float64, format: '%.8g'}
# - {name: inst_mag, datatype: float64, format: '%.8g'}
# - {name: inst_mag_err, datatype: float64, format: '%.8g'}
# meta: !!omap
# - {name: Aperture photometry results}
# - {version: 'astropy: 3.2.3, photutils: 0.6'}
# - {aperture_photometry_args: 'method=''exact'', subpixels=5'}
# - {filename: Vv0028w.fits}
# - {mjd: 58756.064352}
# - __serialized_columns__:
#     celestial_center:
#       __class__: astropy.coordinates.sky_coordinate.SkyCoord
#       dec: !astropy.table.SerializedColumn
#         __class__: astropy.coordinates.angles.Latitude
#         unit: &id001 !astropy.units.Unit {unit: deg}
#         value: !astropy.table.SerializedColumn {name: celestial_center.dec}
#       equinox: !astropy.time.Time {format: jyear, in_subfmt: '*', jd1: 2451545.0, jd2: 0.0, out_subfmt: '*', precision: 3, scale: tt}
#       frame: fk5
#       ra: !astropy.table.SerializedColumn
#         __class__: astropy.coordinates.angles.Longitude
#         unit: *id001
#         value: !astropy.table.SerializedColumn {name: celestial_center.ra}
#         wrap_angle: !astropy.coordinates.Angle
#           unit: *id001
#           value: 360.0
#       representation_type: spherical
#     xcenter:
#       __class__: astropy.units.quantity.Quantity
#       __info__: {format: '%.8g'}
#       unit: &id002 !astropy.units.Unit {unit: pix}
#       value: !astropy.table.SerializedColumn {name: xcenter}
#     ycenter:
#       __class__: astropy.units.quantity.Quantity
#       __info__: {format: '%.8g'}
#       unit: *id002
#       value: !astropy.table.SerializedColumn {name: ycenter}
# schema: astropy-2.0
id xcenter ycenter celestial_center.ra celestial_center.dec aperture_sum aper_bkg aper_sum_bkgsub inst_mag inst_mag_err
1 292.10044 939.70634 339.9309116332097 -46.95896346604986 83511.873 78237.673 5274.1992 15.694609 0.0033584887
2 97.797414 919.31126 339.9753472928264 -46.95607035548032 81125.259 80186.497 938.76205 17.568611 0.0034195102
3 832.50903 865.65191 339.8063180584209 -46.946100185950634 92856.895 76216.638 16640.257 14.4471 0.0031085592
4 969.79177 847.53021 339.774384859963 -46.94292648511229 81919.917 77045.752 4874.1647 15.780249 0.0035047792
5 320.85564 836.17627 339.9244439002713 -46.9424540551947 306082.3 78365.463 227716.84 11.606512 0.001454234
6 383.52402 820.91719 339.910073128662 -46.93991908672707 79110.036 77752.217 1357.8189 17.167895 0.003490535
7 138.13323 790.7306 339.9663324187163 -46.93555272663767 82027.258 79754.755 2272.5035 16.608739 0.0034038661
8 266.8334 746.05412 339.9369420881068 -46.92825563747505 145680.48 78297.387 67383.089 12.928623 0.0023383656
9 530.83841 718.94862 339.87625020596846 -46.92350777142732 79757.04 77620.27 2136.7696 16.675606 0.0034801425
10 602.40266 700.76882 339.8597350114792 -46.92050527973333 80189.534 77698.292 2491.2415 16.50896 0.0034514405
11 871.89565 649.34608 339.79724228355605 -46.911884910386256 92785.427 77331.053 15454.375 14.527371 0.003193383
12 204.32588 632.17779 339.9514143325325 -46.91033256266348 80357.669 79102.726 1254.9427 17.25344 0.0034650836
13 353.72697 611.95575 339.9171538445882 -46.90691105138291 94325.585 77807.613 16517.973 14.455108 0.0030778204
14 306.78559 507.82473 339.92806616081674 -46.89056608723827 81301.631 78801.019 2500.6123 16.504884 0.0034261816
15 517.37648 492.15757 339.879557510591 -46.887790942678855 79875.125 78617.149 1257.976 17.250819 0.0035778997
16 217.73284 478.67312 339.94854866216434 -46.88609721995566 101573.52 79174.905 22398.619 14.124447 0.0029896146
17 248.74673 465.60791 339.94144960002023 -46.88399988687038 83949.765 79361.409 4588.3558 15.845857 0.0034084314
18 259.72373 449.79671 339.9389496824871 -46.881497984395594 81474.864 79295.399 2179.4655 16.654125 0.0034082035
19 425.63032 449.12275 339.90077411190816 -46.881165358066696 111049.09 78670.015 32379.073 13.724339 0.0027543631
20 483.37736 444.98666 339.88745346936054 -46.88043245731415 93656.688 78254.051 15402.637 14.531012 0.0031840025
21 638.22374 417.22949 339.8516499887558 -46.87584609883195 283093.69 79278.123 203815.57 11.726907 0.001524534
22 431.38828 376.76451 339.89952022766477 -46.8698011684382 82047.066 78799.359 3247.7067 16.221058 0.0033999621
23 517.02372 377.77922 339.87974095014977 -46.86984244260815 81262.205 79159.719 2102.4853 16.693168 0.0035249886
24 756.56957 346.79474 339.8242122962528 -46.8646400769443 82950.305 78616.135 4334.1703 15.907735 0.003467328
25 724.56531 323.06553 339.83166735820873 -46.860980412703654 87354.809 78697.011 8657.7978 15.156481 0.0033138492
26 493.94312 249.78801 339.8851945101856 -46.849846803513636 91982.423 78773.994 13208.429 14.697872 0.0031424972
27 906.78111 245.92119 339.7892403804789 -46.84867118476578 81204.05 77888.404 3315.6457 16.19858 0.0035089887
28 789.00985 241.746 339.81671456325086 -46.84819607774725 81794.532 78193.896 3600.6356 16.109052 0.0034192802
29 698.35345 237.8455 339.8378113948275 -46.84771568569777 80257.436 78353.455 1903.9816 16.800843 0.0035317238
30 248.40332 227.8219 339.9418371149308 -46.84669268600296 82988.866 80074.25 2914.6161 16.338547 0.0034589657
31 445.82584 219.54308 339.89634604413504 -46.84518063119284 82194.49 79111.557 3082.9326 16.27759 0.0034860987
32 979.57874 215.53904 339.77222596186016 -46.84383055751941 81506.102 77866.629 3639.4726 16.097404 0.0035147987
33 770.10334 172.8816 339.8211530470637 -46.83749844653682 81176.25 78117.013 3059.2368 16.285967 0.0035217921
34 786.54393 159.95996 339.8173289721709 -46.83546609775758 82115.14 77835.666 4279.4742 15.921524 0.0035066631
35 791.56479 153.33205 339.81616198525325 -46.83442859657389 80688.545 78179.458 2509.0869 16.501211 0.0035212602
36 229.10115 143.75911 339.9463856755389 -46.833574650860236 81904.114 80268.718 1635.3959 16.965943 0.0034131214
37 186.03187 127.17883 339.95630639868426 -46.83102506663734 84704.879 80756.452 3948.4265 16.00894 0.0033041264
38 705.69893 126.26476 339.8361721151998 -46.83033087194162 80996.861 78309.358 2687.5036 16.426627 0.0034360365
39 26.831079 33.835117 339.9929576288067 -46.816583688132546 88671.327 83705.25 4966.0762 15.759967 0.0033763449
