Tablas/Vv0011w.ecsv
# %ECSV 0.9
# ---
# datatype:
# - {name: id, datatype: int64, format: '%.8g'}
# - {name: xcenter, unit: pix, datatype: float64, format: '%.8g'}
# - {name: ycenter, unit: pix, datatype: float64, format: '%.8g'}
# - {name: sky_center.ra, unit: deg, datatype: float64}
# - {name: sky_center.dec, unit: deg, datatype: float64}
# - {name: aperture_sum, datatype: float64, format: '%.8g'}
# - {name: aper_bkg, datatype: float64, format: '%.8g'}
# - {name: aper_sum_bkgsub, datatype: float64, format: '%.8g'}
# - {name: inst_mag, datatype: float64, format: '%.8g'}
# - {name: inst_mag_err, datatype: float64, format: '%.8g'}
# meta: !!omap
# - {name: Aperture photometry results}
# - {version: 'astropy: 3.2.3, photutils: 0.7.2'}
# - {aperture_photometry_args: 'method=''exact'', subpixels=5'}
# - {filename: Vv0011w.fits}
# - {mjd: 58756.045289}
# - __serialized_columns__:
#     sky_center:
#       __class__: astropy.coordinates.sky_coordinate.SkyCoord
#       dec: !astropy.table.SerializedColumn
#         __class__: astropy.coordinates.angles.Latitude
#         unit: &id001 !astropy.units.Unit {unit: deg}
#         value: !astropy.table.SerializedColumn {name: sky_center.dec}
#       equinox: !astropy.time.Time {format: jyear, in_subfmt: '*', jd1: 2451545.0, jd2: 0.0, out_subfmt: '*', precision: 3, scale: tt}
#       frame: fk5
#       ra: !astropy.table.SerializedColumn
#         __class__: astropy.coordinates.angles.Longitude
#         unit: *id001
#         value: !astropy.table.SerializedColumn {name: sky_center.ra}
#         wrap_angle: !astropy.coordinates.Angle
#           unit: *id001
#           value: 360.0
#       representation_type: spherical
#     xcenter:
#       __class__: astropy.units.quantity.Quantity
#       __info__: {format: '%.8g'}
#       unit: &id002 !astropy.units.Unit {unit: pix}
#       value: !astropy.table.SerializedColumn {name: xcenter}
#     ycenter:
#       __class__: astropy.units.quantity.Quantity
#       __info__: {format: '%.8g'}
#       unit: *id002
#       value: !astropy.table.SerializedColumn {name: ycenter}
# schema: astropy-2.0
id xcenter ycenter sky_center.ra sky_center.dec aperture_sum aper_bkg aper_sum_bkgsub inst_mag inst_mag_err
1 292.46018 937.14093 339.9309116332052 -46.958963466049454 86125.77 80697.932 5427.8385 15.663433 0.0032969262
2 97.851836 918.06098 339.97534729282194 -46.9560703554799 83919.768 82985.414 934.35468 17.573721 0.0033545875
3 833.18785 862.42431 339.8063180584164 -46.94610018595023 94649.131 78858.792 15790.339 14.504021 0.0031512738
4 970.47255 845.05605 339.7743848599585 -46.942926485111876 84441.544 79745.138 4696.4061 15.820586 0.0034390964
5 321.11576 832.96796 339.9244439002668 -46.94245405519429 308733.85 81245.112 227488.74 11.6076 0.0014473926
6 383.82767 817.41413 339.91007312865753 -46.93991908672667 81886.365 80242.409 1643.9559 16.960275 0.0034069839
7 138.15636 788.35365 339.96633241871183 -46.93555272663725 84263.35 82306.508 1956.8417 16.771111 0.0033351088
8 266.97017 742.72606 339.9369420881023 -46.928255637474635 147936.92 81149.642 66787.283 12.938266 0.0022768176
9 531.13287 715.00623 339.87625020596397 -46.92350777142691 82171.111 80174.196 1996.9143 16.749101 0.0034832791
10 602.70677 696.88739 339.8597350114747 -46.920505279732915 83511.583 80124.598 3386.985 16.175467 0.0033770814
11 872.16691 646.68071 339.79724228355155 -46.91188491038585 95020.848 79813.774 15207.074 14.544886 0.0031388278
12 204.39339 628.72425 339.95141433252803 -46.91033256266307 83145.117 81629.413 1515.7035 17.048464 0.0034537905
13 353.88223 607.98964 339.9171538445837 -46.90691105138251 96504.766 80759.726 15745.04 14.507141 0.0030441671
14 306.94678 503.78714 339.92806616081225 -46.89056608723786 84270.224 81694.464 2575.7607 16.472736 0.0033439379
15 517.56564 488.19286 339.8795575105865 -46.88779094267845 82348.741 81206.848 1141.8939 17.355936 0.0034859328
16 217.88791 474.78665 339.94854866215985 -46.886097219955246 103959.38 81699.237 22260.146 14.13118 0.0029436454
17 248.92197 461.62568 339.94144960001574 -46.883999886869965 86959.623 82224.877 4734.7451 15.811758 0.0033271055
18 259.91533 445.77475 339.9389496824826 -46.88149798439518 83985.424 82160.629 1824.7949 16.846965 0.0033471216
19 425.83595 445.04061 339.9007741119037 -46.88116535806628 114451.45 81180.903 33270.545 13.69485 0.0027504655
20 483.58082 440.9995 339.88745346935605 -46.880432457313745 96980.786 80874.699 16106.087 14.482525 0.0030148635
21 638.39842 413.85004 339.8516499887513 -46.875846098831545 320621.27 81630.009 238991.26 11.554045 0.0014276554
22 431.64213 372.75911 339.8995202276603 -46.86980116843778 84834.822 81599.991 3234.831 16.225371 0.0034104872
23 517.25471 373.99368 339.8797409501453 -46.86984244260774 84027.885 81583.434 2444.4509 16.529547 0.00334516
24 756.69849 344.43864 339.82421229624833 -46.86464007694389 85608.649 81070.989 4537.6601 15.85792 0.0033818518
25 724.72275 320.5788 339.83166735820424 -46.86098041270324 90545.399 81167.521 9377.8774 15.069739 0.0032512016
26 494.30671 246.25586 339.8851945101811 -46.84984680351322 94697.134 81746.076 12951.057 14.719237 0.0030713412
27 906.81386 245.59317 339.7892403804744 -46.848671184765365 83578.327 80713.778 2864.5486 16.35736 0.0034520275
28 789.15867 240.23461 339.8167145632464 -46.848196077746856 84730.724 81259.639 3471.0857 16.148837 0.0033982197
29 698.58461 235.5825 339.837811394823 -46.847715685697366 83309.354 81103.814 2205.5398 16.641213 0.0033718807
30 248.91429 223.81046 339.94183711492633 -46.846692686002555 86074.624 82787.535 3287.0899 16.207971 0.0033788639
31 446.2602 215.91775 339.89634604413055 -46.845180631192434 85002.259 81720.796 3281.4635 16.209831 0.003300857
32 979.54298 216.3214 339.7722259618557 -46.843830557519006 84663.704 80336.231 4327.4729 15.909414 0.0034062829
33 770.32694 171.62824 339.8211530470592 -46.83749844653641 83608.219 81109.036 2499.1833 16.505505 0.0034337478
34 786.76282 158.95546 339.8173289721664 -46.83546609775716 83620.575 80835.16 2785.4145 16.387775 0.0034590499
35 791.7849 152.42437 339.8161619852488 -46.83442859657349 84038.623 80773.785 3264.8384 16.215346 0.0034433787
36 229.80337 139.85445 339.94638567553443 -46.83357465085982 84595.441 82768.351 1827.0902 16.8456 0.0034145894
37 186.79651 123.28646 339.95630639867977 -46.83102506663694 87251.023 83290.419 3960.6042 16.005596 0.0033391062
38 706.0466 124.71595 339.8361721151953 -46.8303308719412 83795.237 80747.008 3048.2281 16.289881 0.0034365894
39 27.951909 30.191694 339.99295762880223 -46.81658368813214 91208.833 86664.657 4544.1759 15.856362 0.0033196021
