Tablas/Vv0007w.ecsv
# %ECSV 0.9
# ---
# datatype:
# - {name: id, datatype: int64, format: '%.8g'}
# - {name: xcenter, unit: pix, datatype: float64, format: '%.8g'}
# - {name: ycenter, unit: pix, datatype: float64, format: '%.8g'}
# - {name: sky_center.ra, unit: deg, datatype: float64}
# - {name: sky_center.dec, unit: deg, datatype: float64}
# - {name: aperture_sum, datatype: float64, format: '%.8g'}
# - {name: aper_bkg, datatype: float64, format: '%.8g'}
# - {name: aper_sum_bkgsub, datatype: float64, format: '%.8g'}
# - {name: inst_mag, datatype: float64, format: '%.8g'}
# - {name: inst_mag_err, datatype: float64, format: '%.8g'}
# meta: !!omap
# - {name: Aperture photometry results}
# - {version: 'astropy: 3.2.3, photutils: 0.7.2'}
# - {aperture_photometry_args: 'method=''exact'', subpixels=5'}
# - {filename: Vv0007w.fits}
# - {mjd: 58756.04081}
# - __serialized_columns__:
#     sky_center:
#       __class__: astropy.coordinates.sky_coordinate.SkyCoord
#       dec: !astropy.table.SerializedColumn
#         __class__: astropy.coordinates.angles.Latitude
#         unit: &id001 !astropy.units.Unit {unit: deg}
#         value: !astropy.table.SerializedColumn {name: sky_center.dec}
#       equinox: !astropy.time.Time {format: jyear, in_subfmt: '*', jd1: 2451545.0, jd2: 0.0, out_subfmt: '*', precision: 3, scale: tt}
#       frame: fk5
#       ra: !astropy.table.SerializedColumn
#         __class__: astropy.coordinates.angles.Longitude
#         unit: *id001
#         value: !astropy.table.SerializedColumn {name: sky_center.ra}
#         wrap_angle: !astropy.coordinates.Angle
#           unit: *id001
#           value: 360.0
#       representation_type: spherical
#     xcenter:
#       __class__: astropy.units.quantity.Quantity
#       __info__: {format: '%.8g'}
#       unit: &id002 !astropy.units.Unit {unit: pix}
#       value: !astropy.table.SerializedColumn {name: xcenter}
#     ycenter:
#       __class__: astropy.units.quantity.Quantity
#       __info__: {format: '%.8g'}
#       unit: *id002
#       value: !astropy.table.SerializedColumn {name: ycenter}
# schema: astropy-2.0
id xcenter ycenter sky_center.ra sky_center.dec aperture_sum aper_bkg aper_sum_bkgsub inst_mag inst_mag_err
1 290.13039 934.20076 339.9309116332052 -46.958963466049454 85755.468 80214.54 5540.9279 15.641044 0.0033040559
2 97.22594 914.99725 339.97534729282194 -46.9560703554799 83656.549 82376.133 1280.416 17.231622 0.0034434194
3 830.54112 857.01172 339.8063180584164 -46.94610018595023 94246.362 78658.452 15587.91 14.51803 0.0031703145
4 969.02276 838.4456 339.7743848599585 -46.942926485111876 84421.465 79290.841 5130.6244 15.724574 0.0033338826
5 318.1225 829.67655 339.9244439002668 -46.94245405519429 307813.31 80828.757 226984.55 11.610009 0.0014496747
6 380.51921 813.96045 339.91007312865753 -46.93991908672667 81437.578 80216.396 1221.1822 17.283049 0.0034238455
7 136.17918 785.016 339.96633241871183 -46.93555272663725 84255.57 82187.394 2068.1767 16.711031 0.0033246581
8 263.89054 739.24115 339.9369420881023 -46.928255637474635 147895.78 80869.807 67025.968 12.934392 0.0022759723
9 527.58055 710.73231 339.87625020596397 -46.92350777142691 82483.666 79872.092 2611.5737 16.457744 0.0034780022
10 599.36377 692.21197 339.8597350114747 -46.920505279732915 83465.085 79873.471 3591.6135 16.111776 0.00344228
11 870.95231 639.97296 339.79724228355155 -46.91188491038585 94785.346 79568.942 15216.404 14.54422 0.0031526385
12 201.16969 625.00268 339.95141433252803 -46.91033256266307 82930.137 81658.595 1271.5424 17.239173 0.0033637702
13 350.20656 603.97562 339.9171538445837 -46.90691105138251 96386.986 80591.685 15795.301 14.50368 0.0030413808
14 303.17651 499.60835 339.92806616081225 -46.89056608723786 83467.338 81293.703 2173.6352 16.657033 0.003345998
15 514.29728 483.22366 339.8795575105865 -46.88779094267845 81889.293 80830.773 1058.52 17.438252 0.0035935937
16 214.16609 470.70056 339.94854866215985 -46.886097219955246 103676.55 81579.139 22097.407 14.139147 0.0028802391
17 245.13306 457.46281 339.94144960001574 -46.883999886869965 86699.104 81753.231 4945.8735 15.764392 0.0033498471
18 256.09773 441.55586 339.9389496824826 -46.88149798439518 83842.984 81727.226 2115.7573 16.686335 0.0034430534
19 422.26828 440.34048 339.9007741119037 -46.88116535806628 114455.97 80879.244 33576.722 13.684904 0.0026949886
20 480.26012 436.04478 339.88745346935605 -46.880432457313745 97047.989 80808.395 16239.595 14.473562 0.0030251035
21 636.24043 407.95775 339.8516499887513 -46.875846098831545 339101.21 81425.952 257675.26 11.472318 0.0013834074
22 428.22935 367.83678 339.8995202276603 -46.86980116843778 85005.579 81265.741 3739.8379 16.067868 0.0034105481
23 514.32577 368.67619 339.8797409501453 -46.86984244260774 83903.197 81212.423 2690.7744 16.425307 0.0034290852
24 756.25554 337.44411 339.82421229624833 -46.86464007694389 85556.039 80703.781 4852.2579 15.78514 0.0033765418
25 724.05679 313.74984 339.83166735820424 -46.86098041270324 90123.751 80814.207 9309.5449 15.077679 0.0032620109
26 491.71548 240.69437 339.8851945101811 -46.84984680351322 94459.436 81236.297 13223.139 14.696664 0.0031495951
27 909.57145 236.85999 339.7892403804744 -46.848671184765365 83702.608 80331.738 3370.8694 16.180645 0.0034534402
28 790.0363 232.58656 339.8167145632464 -46.848196077746856 84387.668 80644.544 3743.1247 16.066914 0.0034369697
29 698.22527 228.66205 339.837811394823 -46.847715685697366 82343.55 80662.481 1681.0687 16.936036 0.003482732
30 245.04094 219.15116 339.94183711492633 -46.846692686002555 85621.096 82209.838 3411.258 16.167714 0.0033823245
31 443.41998 210.51972 339.89634604413055 -46.845180631192434 84136.638 81296.155 2840.4833 16.366519 0.0034311496
32 984.0107 206.70229 339.7722259618557 -46.843830557519006 84570.031 80161.728 4408.3033 15.889321 0.0034117339
33 771.55121 163.90054 339.8211530470592 -46.83749844653641 82923.354 80248.322 2675.032 16.431678 0.0034435665
34 788.37316 151.03817 339.8173289721664 -46.83546609775716 83056.265 80225.596 2830.6698 16.370277 0.0034399299
35 793.54264 144.43896 339.8161619852488 -46.83442859657349 84264.603 80213.273 4051.3294 15.981006 0.0033285635
36 225.95631 135.09043 339.94638567553443 -46.83357465085982 84373.397 82581.514 1791.8827 16.866726 0.0034186306
37 182.82596 118.59395 339.95630639867977 -46.83102506663694 86440.699 83163.552 3277.1472 16.21126 0.003285949
38 706.71433 117.37335 339.8361721151953 -46.8303308719412 82293.313 80214.278 2079.0354 16.705345 0.0035046676
39 23.69884 25.586418 339.99295762880223 -46.81658368813214 91052.425 49373.551 41678.874 13.45021 0.024999356
