Tablas/Vv0004w.ecsv
# %ECSV 0.9
# ---
# datatype:
# - {name: id, datatype: int64, format: '%.8g'}
# - {name: xcenter, unit: pix, datatype: float64, format: '%.8g'}
# - {name: ycenter, unit: pix, datatype: float64, format: '%.8g'}
# - {name: celestial_center.ra, unit: deg, datatype: float64}
# - {name: celestial_center.dec, unit: deg, datatype: float64}
# - {name: aperture_sum, datatype: float64, format: '%.8g'}
# - {name: aper_bkg, datatype: float64, format: '%.8g'}
# - {name: aper_sum_bkgsub, datatype: float64, format: '%.8g'}
# - {name: inst_mag, datatype: float64, format: '%.8g'}
# - {name: inst_mag_err, datatype: float64, format: '%.8g'}
# meta: !!omap
# - {name: Aperture photometry results}
# - {version: 'astropy: 3.2.3, photutils: 0.6'}
# - {aperture_photometry_args: 'method=''exact'', subpixels=5'}
# - {filename: Vv0004w.fits}
# - {mjd: 58756.037442}
# - __serialized_columns__:
#     celestial_center:
#       __class__: astropy.coordinates.sky_coordinate.SkyCoord
#       dec: !astropy.table.SerializedColumn
#         __class__: astropy.coordinates.angles.Latitude
#         unit: &id001 !astropy.units.Unit {unit: deg}
#         value: !astropy.table.SerializedColumn {name: celestial_center.dec}
#       equinox: !astropy.time.Time {format: jyear, in_subfmt: '*', jd1: 2451545.0, jd2: 0.0, out_subfmt: '*', precision: 3, scale: tt}
#       frame: fk5
#       ra: !astropy.table.SerializedColumn
#         __class__: astropy.coordinates.angles.Longitude
#         unit: *id001
#         value: !astropy.table.SerializedColumn {name: celestial_center.ra}
#         wrap_angle: !astropy.coordinates.Angle
#           unit: *id001
#           value: 360.0
#       representation_type: spherical
#     xcenter:
#       __class__: astropy.units.quantity.Quantity
#       __info__: {format: '%.8g'}
#       unit: &id002 !astropy.units.Unit {unit: pix}
#       value: !astropy.table.SerializedColumn {name: xcenter}
#     ycenter:
#       __class__: astropy.units.quantity.Quantity
#       __info__: {format: '%.8g'}
#       unit: *id002
#       value: !astropy.table.SerializedColumn {name: ycenter}
# schema: astropy-2.0
id xcenter ycenter celestial_center.ra celestial_center.dec aperture_sum aper_bkg aper_sum_bkgsub inst_mag inst_mag_err
1 293.43614 937.65342 339.9309116332097 -46.95896346604986 86097.948 80855.77 5242.1778 15.701221 0.0032919417
2 100.40045 916.60946 339.9753472928264 -46.95607035548032 84133.44 83100.743 1032.6968 17.465068 0.0033369067
3 835.95277 861.95682 339.8063180584209 -46.946100185950634 93991.825 79143.346 14848.479 14.570795 0.0031657425
4 975.09321 842.61876 339.774384859963 -46.94292648511229 85032.731 79627.562 5405.1694 15.667977 0.0034195802
5 322.23247 833.95184 339.9244439002713 -46.9424540551947 301794.7 81352.054 220442.65 11.641761 0.0014814774
6 384.82736 818.67934 339.910073128662 -46.93991908672707 81757.657 80707.107 1050.5505 17.446458 0.0034192234
7 140.39353 788.05465 339.9663324187163 -46.93555272663767 84291.41 82620.248 1671.1625 16.942453 0.0033363406
8 268.45773 743.61403 339.9369420881068 -46.92825563747505 147148.94 81207.408 65941.535 12.952102 0.0023154348
9 532.61742 716.21074 339.87625020596846 -46.92350777142732 82918.504 80385.241 2533.2634 16.490799 0.0034746233
10 604.59496 697.71552 339.8597350114792 -46.92050527973333 84178.304 80572.787 3605.5174 16.107581 0.0034328157
11 876.94328 644.32768 339.79724228355605 -46.911884910386256 95118.341 80171.53 14946.811 14.563629 0.0031561681
12 206.22967 629.5006 339.9514143325325 -46.91033256266348 83320.831 81806.191 1514.6404 17.049226 0.0034439461
13 355.35562 609.30854 339.9171538445882 -46.90691105138291 96644.507 80748.87 15895.637 14.496805 0.0030992608
14 308.52552 505.04821 339.92806616081674 -46.89056608723827 84215.488 81641.172 2574.3159 16.473345 0.0034323985
15 519.66605 488.86673 339.879557510591 -46.887790942678855 82835.194 81366.966 1468.228 17.083016 0.0035488115
16 219.61108 475.86422 339.94854866216434 -46.88609721995566 103925.07 81836.041 22089.032 14.139558 0.0029389512
17 250.56432 462.79782 339.94144960002023 -46.88399988687038 87381.174 82270.491 5110.6831 15.728803 0.0033271436
18 261.5312 446.97034 339.9389496824871 -46.881497984395594 84197.06 82306.016 1891.0433 16.808246 0.0033235738
19 427.61052 446.05103 339.90077411190816 -46.881165358066696 114726.78 81362.897 33363.879 13.691809 0.0027547195
20 485.59669 441.71917 339.88745346936054 -46.88043245731415 97443.525 81307.542 16135.983 14.480511 0.0030895297
21 641.58946 413.11251 339.8516499887558 -46.87584609883195 349357.68 82119.061 267238.62 11.432752 0.0013592921
22 433.50116 373.54437 339.89952022766477 -46.8698011684382 85811.385 81821.73 3989.6555 15.997662 0.0032888238
23 519.56765 374.22463 339.87974095014977 -46.86984244260815 84535.492 81811.526 2723.9661 16.411996 0.0034063037
24 761.47562 341.56259 339.8242122962528 -46.8646400769443 86128.457 81568.522 4559.9343 15.852604 0.0033830693
25 729.16339 318.02476 339.83166735820873 -46.860980412703654 92108.192 81487.974 10620.218 14.934666 0.0032036058
26 496.59473 246.0816 339.8851945101856 -46.849846803513636 94468.881 82090.601 12378.279 14.768349 0.0031472024
27 914.40101 238.76836 339.7892403804789 -46.84867118476578 84218.953 80843.872 3375.0812 16.179289 0.0033537449
28 794.77154 235.84744 339.81671456325086 -46.84819607774725 84974.796 81228.188 3746.6077 16.065904 0.0034114544
29 702.93196 232.75658 339.8378113948275 -46.84771568569777 83010.465 81239.495 1770.9701 16.879472 0.0034609421
30 250.24792 224.83104 339.9418371149308 -46.84669268600296 85815.397 82733.088 3082.3088 16.27781 0.0033741221
31 448.23725 216.00713 339.89634604413504 -46.84518063119284 85460.627 82068.254 3392.3727 16.173741 0.0033933128
32 988.70529 207.34562 339.77222596186016 -46.84383055751941 84642.598 80694.231 3948.3678 16.008956 0.0035062104
33 775.86022 166.93626 339.8211530470637 -46.83749844653682 83951.775 81077.172 2874.603 16.353555 0.0034333366
34 792.59135 153.80639 339.8173289721709 -46.83546609775758 84032.973 80922.531 3110.4421 16.267945 0.0034341166
35 797.7134 147.10453 339.81616198525325 -46.83442859657389 84007.048 80923.12 3083.9278 16.27724 0.0034240156
36 230.92554 140.7567 339.9463856755389 -46.833574650860236 85058.255 83195.755 1862.4996 16.82476 0.0033948235
37 187.85629 124.21527 339.95630639868426 -46.83102506663734 87506.94 83670.324 3836.6157 16.040129 0.0032540812
38 710.73457 120.78812 339.8361721151998 -46.83033087194162 84308.651 81275.763 3032.8882 16.295359 0.0034336189
39 28.922441 30.859875 339.9929576288067 -46.816583688132546 91070.285 87166.361 3903.9244 16.021246 0.003305649
