Tablas/Vv0040w.ecsv
# %ECSV 0.9
# ---
# datatype:
# - {name: id, datatype: int64, format: '%.8g'}
# - {name: xcenter, unit: pix, datatype: float64, format: '%.8g'}
# - {name: ycenter, unit: pix, datatype: float64, format: '%.8g'}
# - {name: sky_center.ra, unit: deg, datatype: float64}
# - {name: sky_center.dec, unit: deg, datatype: float64}
# - {name: aperture_sum, datatype: float64, format: '%.8g'}
# - {name: aper_bkg, datatype: float64, format: '%.8g'}
# - {name: aper_sum_bkgsub, datatype: float64, format: '%.8g'}
# - {name: inst_mag, datatype: float64, format: '%.8g'}
# - {name: inst_mag_err, datatype: float64, format: '%.8g'}
# meta: !!omap
# - {name: Aperture photometry results}
# - {version: 'astropy: 3.2.3, photutils: 0.7.2'}
# - {aperture_photometry_args: 'method=''exact'', subpixels=5'}
# - {filename: Vv0040w.fits}
# - {mjd: 58756.077801}
# - __serialized_columns__:
#     sky_center:
#       __class__: astropy.coordinates.sky_coordinate.SkyCoord
#       dec: !astropy.table.SerializedColumn
#         __class__: astropy.coordinates.angles.Latitude
#         unit: &id001 !astropy.units.Unit {unit: deg}
#         value: !astropy.table.SerializedColumn {name: sky_center.dec}
#       equinox: !astropy.time.Time {format: jyear, in_subfmt: '*', jd1: 2451545.0, jd2: 0.0, out_subfmt: '*', precision: 3, scale: tt}
#       frame: fk5
#       ra: !astropy.table.SerializedColumn
#         __class__: astropy.coordinates.angles.Longitude
#         unit: *id001
#         value: !astropy.table.SerializedColumn {name: sky_center.ra}
#         wrap_angle: !astropy.coordinates.Angle
#           unit: *id001
#           value: 360.0
#       representation_type: spherical
#     xcenter:
#       __class__: astropy.units.quantity.Quantity
#       __info__: {format: '%.8g'}
#       unit: &id002 !astropy.units.Unit {unit: pix}
#       value: !astropy.table.SerializedColumn {name: xcenter}
#     ycenter:
#       __class__: astropy.units.quantity.Quantity
#       __info__: {format: '%.8g'}
#       unit: *id002
#       value: !astropy.table.SerializedColumn {name: ycenter}
# schema: astropy-2.0
id xcenter ycenter sky_center.ra sky_center.dec aperture_sum aper_bkg aper_sum_bkgsub inst_mag inst_mag_err
1 291.90906 937.27742 339.9309116332052 -46.958963466049454 85276.367 79536 5740.3671 15.602651 0.003403272
2 97.744145 917.77661 339.97534729282194 -46.9560703554799 82283.762 81358.145 925.61744 17.583921 0.0034780316
3 832.53688 862.60995 339.8063180584164 -46.94610018595023 93764.411 77698.693 16065.718 14.48525 0.0031519644
4 970.02714 844.9469 339.7743848599585 -46.942926485111876 82943.443 78180.097 4763.3459 15.80522 0.0034850108
5 320.613 833.27797 339.9244439002668 -46.94245405519429 308369.62 79714.936 228654.68 11.60205 0.0014648072
6 383.25621 817.816 339.91007312865753 -46.93991908672667 80633.244 78866.847 1766.3972 16.882279 0.0034302367
7 138.02636 788.36126 339.96633241871183 -46.93555272663725 82704.421 81091.451 1612.9696 16.980935 0.0034707499
8 266.60772 743.05476 339.9369420881023 -46.928255637474635 147047.48 79856.005 67191.477 12.931715 0.0022819601
9 530.53393 715.56806 339.87625020596397 -46.92350777142691 80977.676 79083.772 1893.9039 16.806605 0.0035290146
10 602.1126 697.4404 339.8597350114747 -46.920505279732915 81769.07 78890.066 2879.0044 16.351894 0.003503298
11 871.81123 646.87727 339.79724228355155 -46.91188491038585 94146.074 78843.288 15302.786 14.538074 0.0031540456
12 204.17229 629.06082 339.95141433252803 -46.91033256266307 81892.931 80211.896 1681.0346 16.936058 0.0034120748
13 353.4519 608.55645 339.9171538445837 -46.90691105138251 95066.716 79358.76 15707.956 14.509701 0.0030461056
14 306.5751 504.38382 339.92806616081225 -46.89056608723786 82827.849 80278.37 2549.4795 16.483871 0.0033890409
15 517.06064 488.88914 339.8795575105865 -46.88779094267845 81183.924 79786.01 1397.9136 17.136299 0.0035102369
16 217.6321 475.28228 339.94854866215985 -46.886097219955246 102834.3 80703.184 22131.117 14.137492 0.0029752977
17 248.61669 462.17849 339.94144960001574 -46.883999886869965 85248.582 80841.279 4407.3035 15.889568 0.00341465
18 259.59063 446.35365 339.9389496824826 -46.88149798439518 82757.301 80882.026 1875.2749 16.817338 0.0034991915
19 425.35925 445.75442 339.9007741119037 -46.88116535806628 112598.92 80126.451 32472.473 13.721212 0.0027277157
20 483.08256 441.72087 339.88745346935605 -46.880432457313745 94777.855 79855.134 14922.721 14.56538 0.0031529671
21 637.92486 414.48814 339.8516499887513 -46.875846098831545 336251.78 80401.97 255849.81 11.480037 0.001389242
22 431.14814 373.50443 339.8995202276603 -46.86980116843778 83518.711 80578.251 2940.4601 16.328962 0.003441015
23 516.74435 374.72946 339.8797409501453 -46.86984244260774 82580.436 80390.494 2189.942 16.648918 0.003399324
24 756.32811 344.90246 339.82421229624833 -46.86464007694389 88532.972 80080.252 8452.7197 15.182509 0.0034034973
25 724.31533 321.09957 339.83166735820424 -46.86098041270324 88291.989 80084.435 8207.5536 15.214466 0.0033160778
26 493.74832 247.02366 339.8851945101811 -46.84984680351322 93166.273 80168.765 12997.508 14.71535 0.0031849504
27 906.67538 245.66649 339.7892403804744 -46.848671184765365 82778.162 79554.827 3223.3353 16.229236 0.003451257
28 788.81784 240.61352 339.8167145632464 -46.848196077746856 83189.044 79427.194 3761.8507 16.061496 0.0034598521
29 698.13069 236.13852 339.837811394823 -46.847715685697366 81944.575 79792.683 2151.8919 16.667949 0.0034797893
30 248.47218 224.49028 339.94183711492633 -46.846692686002555 84165.631 81294.39 2871.2409 16.354826 0.0033483555
31 445.68591 216.70091 339.89634604413055 -46.845180631192434 83407.909 80351.961 3055.9486 16.287135 0.00346941
32 979.55892 216.14674 339.7722259618557 -46.843830557519006 82770.574 79592.396 3178.1776 16.244555 0.0034874425
33 769.93589 172.02837 339.8211530470592 -46.83749844653641 82126.193 79406.774 2719.4187 16.41381 0.0034801737
34 786.39037 159.31365 339.8173289721664 -46.83546609775716 82822.513 79612.809 3209.7045 16.233837 0.0034950547
35 791.41718 152.7682 339.8161619852488 -46.83442859657349 82201.452 79657.605 2543.8471 16.486272 0.0035042204
36 229.29882 140.53838 339.94638567553443 -46.83357465085982 83491.209 81703.926 1787.2835 16.869516 0.0033663747
37 186.32516 123.91923 339.95630639867977 -46.83102506663694 86127.988 82169.971 3958.0174 16.006306 0.0032897703
38 705.5468 125.23135 339.8361721151953 -46.8303308719412 82284.97 79742.874 2542.0963 16.48702 0.0034856505
39 27.611667 30.555733 339.99295762880223 -46.81658368813214 89902.649 85190.596 4712.0529 15.816975 0.003338213
