Tablas/Vv0002w.ecsv
# %ECSV 0.9
# ---
# datatype:
# - {name: id, datatype: int64, format: '%.8g'}
# - {name: xcenter, unit: pix, datatype: float64, format: '%.8g'}
# - {name: ycenter, unit: pix, datatype: float64, format: '%.8g'}
# - {name: celestial_center.ra, unit: deg, datatype: float64}
# - {name: celestial_center.dec, unit: deg, datatype: float64}
# - {name: aperture_sum, datatype: float64, format: '%.8g'}
# - {name: aper_bkg, datatype: float64, format: '%.8g'}
# - {name: aper_sum_bkgsub, datatype: float64, format: '%.8g'}
# - {name: inst_mag, datatype: float64, format: '%.8g'}
# - {name: inst_mag_err, datatype: float64, format: '%.8g'}
# meta: !!omap
# - {name: Aperture photometry results}
# - {version: 'astropy: 3.2.3, photutils: 0.6'}
# - {aperture_photometry_args: 'method=''exact'', subpixels=5'}
# - {filename: Vv0002w.fits}
# - {mjd: 58756.032454}
# - __serialized_columns__:
#     celestial_center:
#       __class__: astropy.coordinates.sky_coordinate.SkyCoord
#       dec: !astropy.table.SerializedColumn
#         __class__: astropy.coordinates.angles.Latitude
#         unit: &id001 !astropy.units.Unit {unit: deg}
#         value: !astropy.table.SerializedColumn {name: celestial_center.dec}
#       equinox: !astropy.time.Time {format: jyear, in_subfmt: '*', jd1: 2451545.0, jd2: 0.0, out_subfmt: '*', precision: 3, scale: tt}
#       frame: fk5
#       ra: !astropy.table.SerializedColumn
#         __class__: astropy.coordinates.angles.Longitude
#         unit: *id001
#         value: !astropy.table.SerializedColumn {name: celestial_center.ra}
#         wrap_angle: !astropy.coordinates.Angle
#           unit: *id001
#           value: 360.0
#       representation_type: spherical
#     xcenter:
#       __class__: astropy.units.quantity.Quantity
#       __info__: {format: '%.8g'}
#       unit: &id002 !astropy.units.Unit {unit: pix}
#       value: !astropy.table.SerializedColumn {name: xcenter}
#     ycenter:
#       __class__: astropy.units.quantity.Quantity
#       __info__: {format: '%.8g'}
#       unit: *id002
#       value: !astropy.table.SerializedColumn {name: ycenter}
# schema: astropy-2.0
id xcenter ycenter celestial_center.ra celestial_center.dec aperture_sum aper_bkg aper_sum_bkgsub inst_mag inst_mag_err
1 282.94457 941.87235 339.9309116332097 -46.95896346604986 86188.872 80698.425 5490.4465 15.650981 0.0033652843
2 89.199764 923.81188 339.9753472928264 -46.95607035548032 83921.497 82838.003 1083.494 17.412934 0.0034260414
3 825.64379 862.91126 339.8063180584209 -46.946100185950634 95299.017 78851.12 16447.897 14.459724 0.0031249463
4 964.24604 844.54106 339.774384859963 -46.94292648511229 84759.474 79186.249 5573.2246 15.634734 0.0034195616
5 312.246 836.51537 339.9244439002713 -46.9424540551947 307807.71 81256.724 226550.99 11.612085 0.0014473581
6 375.01993 820.4842 339.910073128662 -46.93991908672707 81713.335 80312.041 1401.2936 17.133677 0.0034153123
7 129.97181 792.46173 339.9663324187163 -46.93555272663767 84050.582 82595.975 1454.6073 17.093136 0.003359465
8 258.64411 745.85338 339.9369420881068 -46.92825563747505 149839.45 81200.755 68638.691 12.908578 0.0022513253
9 523.17255 716.73539 339.87625020596846 -46.92350777142732 82541.761 80296.639 2245.1223 16.6219 0.0033792557
10 595.12272 698.21512 339.8597350114792 -46.92050527973333 83393.521 80234.579 3158.9417 16.251146 0.0033606832
11 866.73781 646.69546 339.79724228355605 -46.911884910386256 95088.655 79856.617 15232.038 14.543105 0.0030747056
12 196.56838 631.39246 339.9514143325325 -46.91033256266348 83458.088 81625.079 1833.0097 16.842088 0.0034390094
13 346.05106 610.07148 339.9171538445882 -46.90691105138291 96613.678 80730.462 15883.216 14.497654 0.0030347099
14 299.32658 505.74241 339.92806616081674 -46.89056608723827 83987.477 81591.146 2396.3312 16.551133 0.0034261696
15 510.51452 489.65427 339.879557510591 -46.887790942678855 82807.448 81107.35 1700.0985 16.923815 0.0034683999
16 210.28937 476.86358 339.94854866216434 -46.88609721995566 104182.41 81700.314 22482.092 14.120408 0.0029401801
17 241.32384 463.62936 339.94144960002023 -46.88399988687038 87043.733 81825.963 5217.7709 15.706287 0.0033347513
18 252.32805 447.74358 339.9389496824871 -46.881497984395594 84036.139 81767.11 2269.0293 16.6104 0.0034231402
19 418.53496 446.73488 339.90077411190816 -46.881165358066696 114882.64 81191.788 33690.855 13.68122 0.0027641507
20 476.49377 442.59169 339.88745346936054 -46.88043245731415 98363.292 80799.111 17564.182 14.38843 0.0030510859
21 632.21214 415.22113 339.8516499887558 -46.87584609883195 373681.85 81718.523 291963.33 11.336679 0.0013066515
22 424.43836 374.56246 339.89952022766477 -46.8698011684382 85975.768 81246.683 4729.0845 15.813057 0.0033988768
23 510.42306 375.69378 339.87974095014977 -46.86984244260815 84531.05 81646.647 2884.4029 16.34986 0.0034143282
24 751.62463 345.96712 339.8242122962528 -46.8646400769443 86163.232 80778.544 5384.6885 15.672099 0.0033583182
25 719.41078 322.29988 339.83166735820873 -46.860980412703654 90592.782 81085.989 9506.7923 15.054915 0.0032536045
26 487.38891 248.54027 339.8851945101856 -46.849846803513636 94958.002 81324.414 13633.588 14.663475 0.0031635318
27 903.56486 247.78346 339.7892403804789 -46.84867118476578 80917.112 80304.191 612.92047 18.03149 0.0035337786
28 784.58599 242.52845 339.81671456325086 -46.84819607774725 84744.048 80673.765 4070.2824 15.975939 0.0034134843
29 693.14136 237.93683 339.8378113948275 -46.84771568569777 82827.442 80666.966 2160.4762 16.663626 0.0034589703
30 241.0891 226.08513 339.9418371149308 -46.84669268600296 85070.45 82610.351 2460.0993 16.522618 0.0033082258
31 439.06222 218.36117 339.89634604413504 -46.84518063119284 84924.641 81562.464 3362.178 16.183448 0.0034075703
32 977.29624 218.78877 339.77222596186016 -46.84383055751941 84838.702 80260.158 4578.544 15.848182 0.0033355961
33 765.60477 174.56987 339.8211530470637 -46.83749844653682 81126.979 80669.363 457.61614 18.348747 0.0036326632
34 782.21837 162.03483 339.8173289721709 -46.83546609775758 83843.655 80569.17 3274.4854 16.212142 0.0034382509
35 787.29602 155.57555 339.81616198525325 -46.83442859657389 84144.515 80600.957 3543.5585 16.126401 0.0034337889
36 221.68285 142.47267 339.9463856755389 -46.833574650860236 84585.169 82778.597 1806.5718 16.857862 0.0034158998
37 178.54442 125.90951 339.95630639868426 -46.83102506663734 87642.597 83577.641 4064.9557 15.97736 0.0033344805
38 700.65722 128.09122 339.8361721151998 -46.83033087194162 83556.631 80755.178 2801.4529 16.381542 0.0033576637
39 19.167978 32.88203 339.9929576288067 -46.816583688132546 91967.6 53817.94 38149.66 13.546273 0.024114458
