Tablas/Vv0035w.ecsv
# %ECSV 0.9
# ---
# datatype:
# - {name: id, datatype: int64, format: '%.8g'}
# - {name: xcenter, unit: pix, datatype: float64, format: '%.8g'}
# - {name: ycenter, unit: pix, datatype: float64, format: '%.8g'}
# - {name: celestial_center.ra, unit: deg, datatype: float64}
# - {name: celestial_center.dec, unit: deg, datatype: float64}
# - {name: aperture_sum, datatype: float64, format: '%.8g'}
# - {name: aper_bkg, datatype: float64, format: '%.8g'}
# - {name: aper_sum_bkgsub, datatype: float64, format: '%.8g'}
# - {name: inst_mag, datatype: float64, format: '%.8g'}
# - {name: inst_mag_err, datatype: float64, format: '%.8g'}
# meta: !!omap
# - {name: Aperture photometry results}
# - {version: 'astropy: 3.2.3, photutils: 0.6'}
# - {aperture_photometry_args: 'method=''exact'', subpixels=5'}
# - {filename: Vv0035w.fits}
# - {mjd: 58756.072188}
# - __serialized_columns__:
#     celestial_center:
#       __class__: astropy.coordinates.sky_coordinate.SkyCoord
#       dec: !astropy.table.SerializedColumn
#         __class__: astropy.coordinates.angles.Latitude
#         unit: &id001 !astropy.units.Unit {unit: deg}
#         value: !astropy.table.SerializedColumn {name: celestial_center.dec}
#       equinox: !astropy.time.Time {format: jyear, in_subfmt: '*', jd1: 2451545.0, jd2: 0.0, out_subfmt: '*', precision: 3, scale: tt}
#       frame: fk5
#       ra: !astropy.table.SerializedColumn
#         __class__: astropy.coordinates.angles.Longitude
#         unit: *id001
#         value: !astropy.table.SerializedColumn {name: celestial_center.ra}
#         wrap_angle: !astropy.coordinates.Angle
#           unit: *id001
#           value: 360.0
#       representation_type: spherical
#     xcenter:
#       __class__: astropy.units.quantity.Quantity
#       __info__: {format: '%.8g'}
#       unit: &id002 !astropy.units.Unit {unit: pix}
#       value: !astropy.table.SerializedColumn {name: xcenter}
#     ycenter:
#       __class__: astropy.units.quantity.Quantity
#       __info__: {format: '%.8g'}
#       unit: *id002
#       value: !astropy.table.SerializedColumn {name: ycenter}
# schema: astropy-2.0
id xcenter ycenter celestial_center.ra celestial_center.dec aperture_sum aper_bkg aper_sum_bkgsub inst_mag inst_mag_err
1 298.91176 936.70702 339.9309116332097 -46.95896346604986 83746.356 78750.142 4996.214 15.753397 0.003444812
2 105.02558 918.03372 339.9753472928264 -46.95607035548032 81868.735 80784.146 1084.589 17.411837 0.0034131384
3 827.10921 858.9342 339.8063180584209 -46.946100185950634 93513.658 77202.556 16311.102 14.468792 0.0031010459
4 960.34169 840.61562 339.774384859963 -46.94292648511229 82575.118 77682.766 4892.3519 15.776206 0.0034602262
5 323.14702 831.57361 339.9244439002713 -46.9424540551947 305831.49 79320.948 226510.54 11.612279 0.0014692824
6 384.71047 815.68549 339.910073128662 -46.93991908672707 79697.565 78596.57 1100.9956 17.395536 0.0035595938
7 139.70285 787.1686 339.9663324187163 -46.93555272663767 82322.434 80619.171 1703.2636 16.921795 0.0034945143
8 266.57698 740.86878 339.9369420881068 -46.92825563747505 147295.49 79304.477 67991.01 12.918871 0.0022722145
9 527.76892 712.04687 339.87625020596846 -46.92350777142732 80950.64 78619.683 2330.957 16.581164 0.0035341122
10 598.09614 693.52676 339.8597350114792 -46.92050527973333 80748.254 78683.842 2064.4125 16.713009 0.0034598363
11 862.4354 641.75749 339.79724228355605 -46.911884910386256 90004.599 78136.795 11867.805 14.814074 0.0032715057
12 201.44924 626.38111 339.9514143325325 -46.91033256266348 81600.599 80113.527 1487.0718 17.06917 0.0033990199
13 350.29792 605.12036 339.9171538445882 -46.90691105138291 94875.091 79181.134 15693.958 14.510669 0.0030784039
14 302.46295 500.64897 339.92806616081674 -46.89056608723827 82019.11 79776.077 2243.0327 16.622911 0.0033921886
15 512.45681 484.34369 339.879557510591 -46.887790942678855 80592.888 79349.833 1243.0549 17.263774 0.0035296454
16 213.05878 471.78414 339.94854866216434 -46.88609721995566 102657.72 79910.034 22747.684 14.107657 0.0028948038
17 244.14915 458.51051 339.94144960002023 -46.88399988687038 84690.917 80586.852 4104.0652 15.966964 0.0034012879
18 255.141 442.5902 339.9389496824871 -46.881497984395594 82458.604 80255.443 2203.1608 16.642385 0.0033892195
19 421.18406 441.39373 339.90077411190816 -46.881165358066696 111713.01 79648.393 32064.614 13.734935 0.0027514102
20 478.78622 437.15804 339.88745346936054 -46.88043245731415 94126.227 79298.113 14828.114 14.572285 0.0030801249
21 632.95193 409.40072 339.8516499887558 -46.87584609883195 309592.44 79862.459 229729.98 11.596956 0.0014602685
22 427.43758 368.97072 339.89952022766477 -46.8698011684382 83180.157 79705.807 3474.3505 16.147816 0.0034621086
23 512.90632 369.93695 339.87974095014977 -46.86984244260815 82265.823 79721.879 2543.9439 16.486231 0.0033950421
24 751.34265 339.45519 339.8242122962528 -46.8646400769443 83411.491 79187.195 4224.2956 15.935614 0.0034495144
25 720.14681 315.73096 339.83166735820873 -46.860980412703654 87934.471 79249.234 8685.2376 15.153046 0.0033191222
26 492.15577 242.24886 339.8851945101856 -46.849846803513636 93029.913 79662.369 13367.544 14.684871 0.0031104195
27 902.51567 240.01746 339.7892403804789 -46.84867118476578 82032.585 78697.788 3334.7967 16.192327 0.0034785398
28 786.16619 235.18978 339.81671456325086 -46.84819607774725 82271.688 79146.142 3125.5462 16.262685 0.0034654821
29 696.30924 230.90335 339.8378113948275 -46.84771568569777 81084.991 79279.342 1805.649 16.858417 0.0035547357
30 245.89971 220.41117 339.9418371149308 -46.84669268600296 83627.794 80811.521 2816.2727 16.375813 0.0034378539
31 444.70155 212.07099 339.89634604413504 -46.84518063119284 82880.613 79765.309 3115.3036 16.266249 0.0033698105
32 975.37875 210.4542 339.77222596186016 -46.84383055751941 82225.866 78707.482 3518.3834 16.134142 0.0034978815
33 769.72948 166.79597 339.8211530470637 -46.83749844653682 82047.06 79097.385 2949.6749 16.325565 0.0034836498
34 786.53541 154.09136 339.8173289721709 -46.83546609775758 81853.767 78831.172 3022.5949 16.29905 0.00341699
35 791.77449 147.55839 339.81616198525325 -46.83442859657389 81978.772 78781.842 3196.9293 16.238167 0.003408566
36 228.38953 136.57115 339.9463856755389 -46.833574650860236 82865.63 80878.677 1986.9533 16.754531 0.0034006889
37 185.22409 120.09676 339.95630639868426 -46.83102506663734 85102.728 81549.694 3553.0338 16.123502 0.00331937
38 707.44856 120.24899 339.8361721151998 -46.83033087194162 81253.493 78768.067 2485.426 16.511498 0.003516404
39 26.044894 27.368274 339.9929576288067 -46.816583688132546 89120.638 54208.736 34911.902 13.642566 0.024427654
