Tablas/Vv0008w.ecsv
# %ECSV 0.9
# ---
# datatype:
# - {name: id, datatype: int64, format: '%.8g'}
# - {name: xcenter, unit: pix, datatype: float64, format: '%.8g'}
# - {name: ycenter, unit: pix, datatype: float64, format: '%.8g'}
# - {name: sky_center.ra, unit: deg, datatype: float64}
# - {name: sky_center.dec, unit: deg, datatype: float64}
# - {name: aperture_sum, datatype: float64, format: '%.8g'}
# - {name: aper_bkg, datatype: float64, format: '%.8g'}
# - {name: aper_sum_bkgsub, datatype: float64, format: '%.8g'}
# - {name: inst_mag, datatype: float64, format: '%.8g'}
# - {name: inst_mag_err, datatype: float64, format: '%.8g'}
# meta: !!omap
# - {name: Aperture photometry results}
# - {version: 'astropy: 3.2.3, photutils: 0.7.2'}
# - {aperture_photometry_args: 'method=''exact'', subpixels=5'}
# - {filename: Vv0008w.fits}
# - {mjd: 58756.041921}
# - __serialized_columns__:
#     sky_center:
#       __class__: astropy.coordinates.sky_coordinate.SkyCoord
#       dec: !astropy.table.SerializedColumn
#         __class__: astropy.coordinates.angles.Latitude
#         unit: &id001 !astropy.units.Unit {unit: deg}
#         value: !astropy.table.SerializedColumn {name: sky_center.dec}
#       equinox: !astropy.time.Time {format: jyear, in_subfmt: '*', jd1: 2451545.0, jd2: 0.0, out_subfmt: '*', precision: 3, scale: tt}
#       frame: fk5
#       ra: !astropy.table.SerializedColumn
#         __class__: astropy.coordinates.angles.Longitude
#         unit: *id001
#         value: !astropy.table.SerializedColumn {name: sky_center.ra}
#         wrap_angle: !astropy.coordinates.Angle
#           unit: *id001
#           value: 360.0
#       representation_type: spherical
#     xcenter:
#       __class__: astropy.units.quantity.Quantity
#       __info__: {format: '%.8g'}
#       unit: &id002 !astropy.units.Unit {unit: pix}
#       value: !astropy.table.SerializedColumn {name: xcenter}
#     ycenter:
#       __class__: astropy.units.quantity.Quantity
#       __info__: {format: '%.8g'}
#       unit: *id002
#       value: !astropy.table.SerializedColumn {name: ycenter}
# schema: astropy-2.0
id xcenter ycenter sky_center.ra sky_center.dec aperture_sum aper_bkg aper_sum_bkgsub inst_mag inst_mag_err
1 290.51828 935.67315 339.9309116332052 -46.958963466049454 86006.14 80694.846 5311.2942 15.686999 0.003387354
2 97.69376 915.14205 339.97534729282194 -46.9560703554799 84187.837 82769.825 1418.0118 17.1208 0.0034180996
3 831.49237 858.95154 339.8063180584164 -46.94610018595023 94727.576 79258.728 15468.848 14.526355 0.0031272844
4 970.2533 839.66698 339.7743848599585 -46.942926485111876 84470.696 79736.231 4734.4657 15.811823 0.0033403328
5 318.66203 831.36666 339.9244439002668 -46.94245405519429 309127.54 81180.62 227946.92 11.605416 0.0014442765
6 381.08733 815.90118 339.91007312865753 -46.93991908672667 82019.806 80588.363 1431.4434 17.110565 0.0034062071
7 136.82456 785.71993 339.96633241871183 -46.93555272663725 84327.651 82675.279 1652.3717 16.954731 0.0033568892
8 264.54548 740.7648 339.9369420881023 -46.928255637474635 148521.9 81195.204 67326.699 12.929532 0.0022674049
9 528.31826 712.92829 339.87625020596397 -46.92350777142691 82446.266 80276.882 2169.3831 16.659159 0.0034925822
10 600.16815 694.3702 339.8597350114747 -46.920505279732915 83204.186 80264.317 2939.8687 16.32918 0.0033626836
11 872.12543 641.13046 339.79724228355155 -46.91188491038585 95315.293 79873.33 15441.963 14.528244 0.0031314753
12 201.96657 626.37807 339.95141433252803 -46.91033256266307 83320.554 81750.923 1569.6305 17.010506 0.0034595698
13 350.98192 605.92922 339.9171538445837 -46.90691105138251 96790.183 81162.616 15627.567 14.515272 0.0030961389
14 304.03045 501.53365 339.92806616081225 -46.89056608723786 84343.646 81744.246 2599.3998 16.462817 0.0034179818
15 515.17124 485.32138 339.8795575105865 -46.88779094267845 82447.567 81191.316 1256.2508 17.252309 0.0034764008
16 215.07515 472.38434 339.94854866215985 -46.886097219955246 104348.53 81818.281 22530.246 14.118085 0.0029378156
17 246.03294 459.27491 339.94144960001574 -46.883999886869965 86647.981 82218.337 4429.644 15.884078 0.0033480354
18 257.00051 443.42415 339.9389496824826 -46.88149798439518 84338.192 82194.576 2143.6163 16.672132 0.0033405163
19 423.13735 442.47145 339.9007741119037 -46.88116535806628 114379.47 81185.257 33194.212 13.697344 0.0027588938
20 481.13945 438.16221 339.88745346935605 -46.880432457313745 96939.032 81167.976 15771.056 14.505348 0.0030848824
21 637.20174 409.73588 339.8516499887513 -46.875846098831545 337426.93 81778.055 255648.88 11.48089 0.0013888876
22 429.11859 369.99113 339.8995202276603 -46.86980116843778 85447.762 81634.042 3813.7205 16.046628 0.0034086568
23 515.22901 370.74225 339.8797409501453 -46.86984244260774 83842.731 81637.897 2204.8348 16.64156 0.0034091172
24 757.32561 338.56462 339.82421229624833 -46.86464007694389 85557.72 81212.031 4345.6894 15.904853 0.0033894702
25 725.09122 315.01237 339.83166735820424 -46.86098041270324 90266.222 81254.133 9012.0892 15.112936 0.0032538459
26 492.61313 242.79096 339.8851945101811 -46.84984680351322 95014.536 81643.385 13371.152 14.684578 0.003138442
27 910.81295 236.61133 339.7892403804744 -46.848671184765365 83620.954 80665.497 2955.4571 16.323438 0.0034501801
28 791.11855 233.29072 339.8167145632464 -46.848196077746856 84311.28 80868.371 3442.9093 16.157686 0.0034390726
29 699.21775 229.94355 339.837811394823 -46.847715685697366 82961.101 80862.992 2098.1094 16.69543 0.0034620597
30 246.00493 221.33415 339.94183711492633 -46.846692686002555 85710.425 82637.507 3072.9177 16.281123 0.0033984655
31 444.31073 212.71404 339.89634604413055 -46.845180631192434 84674.587 81764.58 2910.0079 16.340265 0.0033306658
32 985.35928 205.63867 339.7722259618557 -46.843830557519006 84636.312 80604.164 4032.1485 15.986159 0.0034210903
33 772.58417 164.60866 339.8211530470592 -46.83749844653641 83940.13 80782.872 3157.2579 16.251725 0.0034361458
34 789.41686 151.59763 339.8173289721664 -46.83546609775716 84016.781 80718.01 3298.7707 16.20412 0.0034294767
35 794.58823 144.94617 339.8161619852488 -46.83442859657349 84019.727 80733.889 3285.838 16.208385 0.003440714
36 226.9272 137.39179 339.94638567553443 -46.83357465085982 84717.008 82753.874 1963.1339 16.767625 0.0034148422
37 183.83231 120.85546 339.95630639867977 -46.83102506663694 87085.081 83330.087 3754.9944 16.063477 0.0033526179
38 707.66509 118.45542 339.8361721151953 -46.8303308719412 83948.286 80850.421 3097.8642 16.272344 0.0034554067
39 24.885595 27.629079 339.99295762880223 -46.81658368813214 91340.53 53957.323 37383.208 13.568309 0.024598318
