Tablas/Vv0010w.ecsv
# %ECSV 0.9
# ---
# datatype:
# - {name: id, datatype: int64, format: '%.8g'}
# - {name: xcenter, unit: pix, datatype: float64, format: '%.8g'}
# - {name: ycenter, unit: pix, datatype: float64, format: '%.8g'}
# - {name: sky_center.ra, unit: deg, datatype: float64}
# - {name: sky_center.dec, unit: deg, datatype: float64}
# - {name: aperture_sum, datatype: float64, format: '%.8g'}
# - {name: aper_bkg, datatype: float64, format: '%.8g'}
# - {name: aper_sum_bkgsub, datatype: float64, format: '%.8g'}
# - {name: inst_mag, datatype: float64, format: '%.8g'}
# - {name: inst_mag_err, datatype: float64, format: '%.8g'}
# meta: !!omap
# - {name: Aperture photometry results}
# - {version: 'astropy: 3.2.3, photutils: 0.7.2'}
# - {aperture_photometry_args: 'method=''exact'', subpixels=5'}
# - {filename: Vv0010w.fits}
# - {mjd: 58756.044167}
# - __serialized_columns__:
#     sky_center:
#       __class__: astropy.coordinates.sky_coordinate.SkyCoord
#       dec: !astropy.table.SerializedColumn
#         __class__: astropy.coordinates.angles.Latitude
#         unit: &id001 !astropy.units.Unit {unit: deg}
#         value: !astropy.table.SerializedColumn {name: sky_center.dec}
#       equinox: !astropy.time.Time {format: jyear, in_subfmt: '*', jd1: 2451545.0, jd2: 0.0, out_subfmt: '*', precision: 3, scale: tt}
#       frame: fk5
#       ra: !astropy.table.SerializedColumn
#         __class__: astropy.coordinates.angles.Longitude
#         unit: *id001
#         value: !astropy.table.SerializedColumn {name: sky_center.ra}
#         wrap_angle: !astropy.coordinates.Angle
#           unit: *id001
#           value: 360.0
#       representation_type: spherical
#     xcenter:
#       __class__: astropy.units.quantity.Quantity
#       __info__: {format: '%.8g'}
#       unit: &id002 !astropy.units.Unit {unit: pix}
#       value: !astropy.table.SerializedColumn {name: xcenter}
#     ycenter:
#       __class__: astropy.units.quantity.Quantity
#       __info__: {format: '%.8g'}
#       unit: *id002
#       value: !astropy.table.SerializedColumn {name: ycenter}
# schema: astropy-2.0
id xcenter ycenter sky_center.ra sky_center.dec aperture_sum aper_bkg aper_sum_bkgsub inst_mag inst_mag_err
1 290.0717 935.64909 339.9309116332052 -46.958963466049454 86023.101 80179.554 5843.547 15.583309 0.0032758743
2 97.149346 917.83298 339.97534729282194 -46.9560703554799 83631.026 82500.626 1130.4004 17.366919 0.0034454773
3 829.24288 860.30655 339.8063180584164 -46.94610018595023 95505.699 78660.7 16844.999 14.433823 0.0031281654
4 967.13058 843.53138 339.7743848599585 -46.942926485111876 84831.554 79231.95 5599.6044 15.629607 0.0033903806
5 317.9305 831.26279 339.9244439002668 -46.94245405519429 308997.6 80766.609 228230.99 11.604063 0.0014448452
6 380.25014 815.46035 339.91007312865753 -46.93991908672667 81635.606 80173.131 1462.475 17.087279 0.0034095032
7 135.99622 787.60374 339.96633241871183 -46.93555272663725 83611.102 82094.617 1516.4847 17.047905 0.0033549727
8 263.64605 741.19223 339.9369420881023 -46.928255637474635 148222.87 80873.204 67349.669 12.929161 0.0022645708
9 526.96216 712.77433 339.87625020596397 -46.92350777142691 82428.948 79848.737 2580.2114 16.470862 0.0034822989
10 598.56014 694.66632 339.8597350114747 -46.920505279732915 82931.602 80096.395 2835.2064 16.368538 0.0034781651
11 869.18297 645.27529 339.79724228355155 -46.91188491038585 94924.121 79701.946 15222.175 14.543808 0.0032321094
12 200.85736 627.35939 339.95141433252803 -46.91033256266307 82587.15 81209.704 1377.4461 17.152313 0.003396643
13 349.77198 606.05354 339.9171538445837 -46.90691105138251 96422.757 80193.655 16229.103 14.474264 0.0031002731
14 302.71365 501.91715 339.92806616081225 -46.89056608723786 83631.363 81149.3 2482.0628 16.512968 0.0033552805
15 513.48688 486.10146 339.8795575105865 -46.88779094267845 82019.5 80706.298 1313.2014 17.204172 0.003481939
16 213.7494 473.17416 339.94854866215985 -46.886097219955246 103831.62 81243.276 22588.341 14.115289 0.0029553814
17 244.69131 459.89052 339.94144960001574 -46.883999886869965 86627.162 81706.068 4921.0938 15.769846 0.0034175209
18 255.63928 443.99017 339.9389496824826 -46.88149798439518 84036.747 81595.237 2441.5102 16.530854 0.0034339616
19 421.60524 442.96352 339.9007741119037 -46.88116535806628 114035.55 80657.773 33377.781 13.691356 0.0027668828
20 479.4846 438.9174 339.88745346935605 -46.880432457313745 96354.904 80277.33 16077.574 14.484449 0.0030278227
21 635.04747 412.03637 339.8516499887513 -46.875846098831545 326584.29 81151.337 245432.95 11.525168 0.0013975368
22 427.50711 370.68696 339.8995202276603 -46.86980116843778 84871.124 80848.627 4022.4966 15.988761 0.0034243525
23 513.4259 371.97417 339.8797409501453 -46.86984244260774 83310.536 81147.036 2163.5003 16.662108 0.0034518844
24 754.59121 343.21629 339.82421229624833 -46.86464007694389 85192.242 80739.182 4453.0599 15.878354 0.0033873294
25 722.49011 319.25001 339.83166735820424 -46.86098041270324 89773.634 80818.104 8955.5294 15.119772 0.0032558451
26 490.7864 244.27949 339.8851945101811 -46.84984680351322 94669.91 81196.649 13473.261 14.676318 0.0031621385
27 907.14984 245.62567 339.7892403804744 -46.848671184765365 83314.724 80224.37 3090.3537 16.27498 0.0034496911
28 788.14368 239.44053 339.8167145632464 -46.848196077746856 84536.777 80694.851 3841.9265 16.038627 0.0034123983
29 696.68134 234.29342 339.837811394823 -46.847715685697366 82568.104 80628.945 1939.1591 16.780966 0.0034799374
30 244.49598 221.84187 339.94183711492633 -46.846692686002555 85177.918 82271.788 2906.1298 16.341712 0.0034039019
31 442.58105 213.88413 339.89634604413055 -46.845180631192434 84613.051 81288.864 3324.1869 16.195786 0.0034198487
32 981.18121 217.09218 339.7722259618557 -46.843830557519006 84120.924 80192.023 3928.9005 16.014322 0.0034517101
33 769.67733 170.88238 339.8211530470592 -46.83749844653641 83535.292 80287.391 3247.9003 16.220993 0.0034346551
34 786.41967 158.34931 339.8173289721664 -46.83546609775716 83215.636 80354.739 2860.8979 16.358744 0.0034327243
35 791.56219 151.86913 339.8161619852488 -46.83442859657349 83152.677 80325.228 2827.4485 16.371513 0.003351891
36 225.40772 137.83359 339.94638567553443 -46.83357465085982 84455.702 82599.24 1856.4611 16.828285 0.0034184654
37 182.30565 121.3254 339.95630639867977 -46.83102506663694 87263.844 83081.392 4182.4524 15.946422 0.0032558193
38 705.06018 123.68189 339.8361721151953 -46.8303308719412 83193.537 80563.559 2629.9788 16.450119 0.0034811058
39 23.204046 28.542358 339.99295762880223 -46.81658368813214 90757.996 52773.176 37984.82 13.550975 0.024662708
