Tablas/Vv0050w.ecsv
# %ECSV 0.9
# ---
# datatype:
# - {name: id, datatype: int64, format: '%.8g'}
# - {name: xcenter, unit: pix, datatype: float64, format: '%.8g'}
# - {name: ycenter, unit: pix, datatype: float64, format: '%.8g'}
# - {name: sky_center.ra, unit: deg, datatype: float64}
# - {name: sky_center.dec, unit: deg, datatype: float64}
# - {name: aperture_sum, datatype: float64, format: '%.8g'}
# - {name: aper_bkg, datatype: float64, format: '%.8g'}
# - {name: aper_sum_bkgsub, datatype: float64, format: '%.8g'}
# - {name: inst_mag, datatype: float64, format: '%.8g'}
# - {name: inst_mag_err, datatype: float64, format: '%.8g'}
# meta: !!omap
# - {name: Aperture photometry results}
# - {version: 'astropy: 3.2.3, photutils: 0.7.2'}
# - {aperture_photometry_args: 'method=''exact'', subpixels=5'}
# - {filename: Vv0050w.fits}
# - {mjd: 58756.089005}
# - __serialized_columns__:
#     sky_center:
#       __class__: astropy.coordinates.sky_coordinate.SkyCoord
#       dec: !astropy.table.SerializedColumn
#         __class__: astropy.coordinates.angles.Latitude
#         unit: &id001 !astropy.units.Unit {unit: deg}
#         value: !astropy.table.SerializedColumn {name: sky_center.dec}
#       equinox: !astropy.time.Time {format: jyear, in_subfmt: '*', jd1: 2451545.0, jd2: 0.0, out_subfmt: '*', precision: 3, scale: tt}
#       frame: fk5
#       ra: !astropy.table.SerializedColumn
#         __class__: astropy.coordinates.angles.Longitude
#         unit: *id001
#         value: !astropy.table.SerializedColumn {name: sky_center.ra}
#         wrap_angle: !astropy.coordinates.Angle
#           unit: *id001
#           value: 360.0
#       representation_type: spherical
#     xcenter:
#       __class__: astropy.units.quantity.Quantity
#       __info__: {format: '%.8g'}
#       unit: &id002 !astropy.units.Unit {unit: pix}
#       value: !astropy.table.SerializedColumn {name: xcenter}
#     ycenter:
#       __class__: astropy.units.quantity.Quantity
#       __info__: {format: '%.8g'}
#       unit: *id002
#       value: !astropy.table.SerializedColumn {name: ycenter}
# schema: astropy-2.0
id xcenter ycenter sky_center.ra sky_center.dec aperture_sum aper_bkg aper_sum_bkgsub inst_mag inst_mag_err
1 293.38004 935.61796 339.9309116332052 -46.958963466049454 84024.343 78348.264 5676.0792 15.614879 0.0033284725
2 100.37956 915.51866 339.97534729282194 -46.9560703554799 81537.418 80654.963 882.4546 17.635769 0.0034168728
3 835.42677 858.76955 339.8063180584164 -46.94610018595023 92529.695 76805.425 15724.27 14.508574 0.0031138089
4 974.42936 839.78067 339.7743848599585 -46.942926485111876 81944.21 77685.669 4258.5415 15.926848 0.0034995277
5 322.01481 831.14699 339.9244439002668 -46.94245405519429 311012.69 78940.181 232072.51 11.585941 0.0014565131
6 384.57407 815.60002 339.91007312865753 -46.93991908672667 79679.593 78356.404 1323.1885 17.195946 0.0035618231
7 140.13898 785.77012 339.96633241871183 -46.93555272663725 81801.445 80378.543 1422.902 17.117063 0.0033888317
8 268.15346 740.54466 339.9369420881023 -46.928255637474635 146808.43 78845.828 67962.603 12.919325 0.002288954
9 532.26877 712.57935 339.87625020596397 -46.92350777142691 80020.069 78172.798 1847.271 16.833673 0.0034740507
10 604.22857 694.07512 339.8597350114747 -46.920505279732915 81642.077 78256.833 3385.2433 16.176025 0.0035166557
11 876.51134 641.38232 339.79724228355155 -46.91188491038585 93323.852 78124.607 15199.245 14.545445 0.0031789314
12 205.82885 626.16685 339.95141433252803 -46.91033256266307 81032.457 79609.601 1422.8567 17.117097 0.0034259162
13 354.9947 605.60741 339.9171538445837 -46.90691105138251 94915.578 78818.339 16097.238 14.483122 0.0030481527
14 308.1529 501.2531 339.92806616081225 -46.89056608723786 81657.703 79706.471 1951.2321 16.774228 0.003411317
15 519.40205 485.16913 339.8795575105865 -46.88779094267845 80449.62 79145.51 1304.1096 17.211715 0.0034578901
16 219.18478 472.13989 339.94854866215985 -46.886097219955246 103368.65 79801.681 23566.97 14.069241 0.0029624706
17 250.16415 459.02243 339.94144960001574 -46.883999886869965 84365.373 80257.478 4107.8948 15.965952 0.0034118848
18 261.14463 443.17635 339.9389496824826 -46.88149798439518 82494.484 80243.673 2250.811 16.619152 0.0033859126
19 427.33824 442.28109 339.9007741119037 -46.88116535806628 110312.77 79413.747 30899.023 13.775138 0.0027715621
20 485.36069 438.03535 339.88745346935605 -46.880432457313745 93513.931 79210.215 14303.716 14.611378 0.003175721
21 641.46284 409.92288 339.8516499887513 -46.875846098831545 387329.72 79752.492 307577.23 11.280115 0.001280314
22 433.3036 369.90311 339.8995202276603 -46.86980116843778 83179.133 79753.353 3425.7799 16.163101 0.0034526295
23 519.4308 370.77336 339.8797409501453 -46.86984244260774 82008.037 79683.545 2324.4913 16.58418 0.0034871298
24 761.53118 339.25713 339.82421229624833 -46.86464007694389 82909.587 79167.197 3742.3895 16.067128 0.0034939647
25 729.25277 315.67327 339.83166735820424 -46.86098041270324 88331.499 79209.416 9122.0832 15.099765 0.0033022052
26 496.64484 243.04486 339.8851945101811 -46.84984680351322 93079.198 79723.429 13355.769 14.685828 0.0031900746
27 914.79364 238.24908 339.7892403804744 -46.848671184765365 83645.338 78839.482 4805.8563 15.795573 0.0033608901
28 795.09927 234.44435 339.8167145632464 -46.848196077746856 82483.948 78711.584 3772.3641 16.058466 0.0033724892
29 703.19904 230.78243 339.837811394823 -46.847715685697366 80949.601 78835.568 2114.0332 16.68722 0.0035478805
30 250.0377 221.29106 339.94183711492633 -46.846692686002555 83391.002 80733.2 2657.8022 16.438693 0.003462653
31 448.29084 212.94134 339.89634604413055 -46.845180631192434 82580.35 79729.954 2850.3959 16.362737 0.0034752293
32 989.23537 207.76388 339.7722259618557 -46.843830557519006 81674.798 78692.224 2982.574 16.313522 0.0035123366
33 776.36541 165.94166 339.8211530470592 -46.83749844653641 81744.852 78647.901 3096.9504 16.272664 0.0035074036
34 793.1504 153.04885 339.8173289721664 -46.83546609775716 81616.242 78791.265 2824.9774 16.372463 0.00352514
35 798.29743 146.44501 339.8161619852488 -46.83442859657349 81573.995 78829.338 2744.6575 16.40378 0.0035152553
36 230.81084 137.4608 339.94638567553443 -46.83357465085982 82677.098 80860.07 1817.0282 16.851596 0.0033907297
37 187.69707 120.91514 339.95630639867977 -46.83102506663694 85402.763 81315.155 4087.6078 15.971327 0.0033148753
38 711.31105 119.70854 339.8361721151953 -46.8303308719412 81979.149 78753.377 3225.7719 16.228416 0.0034855844
39 28.607684 27.747135 339.99295762880223 -46.81658368813214 88980.453 84697.625 4282.8279 15.920673 0.0035111536
