Tablas/Vv0028w.ecsv
# %ECSV 0.9
# ---
# datatype:
# - {name: id, datatype: int64, format: '%.8g'}
# - {name: xcenter, unit: pix, datatype: float64, format: '%.8g'}
# - {name: ycenter, unit: pix, datatype: float64, format: '%.8g'}
# - {name: sky_center.ra, unit: deg, datatype: float64}
# - {name: sky_center.dec, unit: deg, datatype: float64}
# - {name: aperture_sum, datatype: float64, format: '%.8g'}
# - {name: aper_bkg, datatype: float64, format: '%.8g'}
# - {name: aper_sum_bkgsub, datatype: float64, format: '%.8g'}
# - {name: inst_mag, datatype: float64, format: '%.8g'}
# - {name: inst_mag_err, datatype: float64, format: '%.8g'}
# meta: !!omap
# - {name: Aperture photometry results}
# - {version: 'astropy: 3.2.3, photutils: 0.7.2'}
# - {aperture_photometry_args: 'method=''exact'', subpixels=5'}
# - {filename: Vv0028w.fits}
# - {mjd: 58756.064352}
# - __serialized_columns__:
#     sky_center:
#       __class__: astropy.coordinates.sky_coordinate.SkyCoord
#       dec: !astropy.table.SerializedColumn
#         __class__: astropy.coordinates.angles.Latitude
#         unit: &id001 !astropy.units.Unit {unit: deg}
#         value: !astropy.table.SerializedColumn {name: sky_center.dec}
#       equinox: !astropy.time.Time {format: jyear, in_subfmt: '*', jd1: 2451545.0, jd2: 0.0, out_subfmt: '*', precision: 3, scale: tt}
#       frame: fk5
#       ra: !astropy.table.SerializedColumn
#         __class__: astropy.coordinates.angles.Longitude
#         unit: *id001
#         value: !astropy.table.SerializedColumn {name: sky_center.ra}
#         wrap_angle: !astropy.coordinates.Angle
#           unit: *id001
#           value: 360.0
#       representation_type: spherical
#     xcenter:
#       __class__: astropy.units.quantity.Quantity
#       __info__: {format: '%.8g'}
#       unit: &id002 !astropy.units.Unit {unit: pix}
#       value: !astropy.table.SerializedColumn {name: xcenter}
#     ycenter:
#       __class__: astropy.units.quantity.Quantity
#       __info__: {format: '%.8g'}
#       unit: *id002
#       value: !astropy.table.SerializedColumn {name: ycenter}
# schema: astropy-2.0
id xcenter ycenter sky_center.ra sky_center.dec aperture_sum aper_bkg aper_sum_bkgsub inst_mag inst_mag_err
1 292.10044 939.70634 339.9309116332052 -46.958963466049454 83511.873 78237.673 5274.1992 15.694609 0.0033584887
2 97.797414 919.31126 339.97534729282194 -46.9560703554799 81125.259 80186.497 938.76205 17.568611 0.0034195102
3 832.50903 865.65191 339.8063180584164 -46.94610018595023 92856.895 76216.638 16640.257 14.4471 0.0031085592
4 969.79177 847.53021 339.7743848599585 -46.942926485111876 81919.917 77045.752 4874.1647 15.780249 0.0035047792
5 320.85564 836.17627 339.9244439002668 -46.94245405519429 306082.3 78365.463 227716.84 11.606512 0.001454234
6 383.52402 820.91719 339.91007312865753 -46.93991908672667 79110.036 77752.217 1357.8189 17.167895 0.003490535
7 138.13323 790.7306 339.96633241871183 -46.93555272663725 82027.258 79754.755 2272.5035 16.608739 0.0034038661
8 266.8334 746.05412 339.9369420881023 -46.928255637474635 145680.48 78297.387 67383.089 12.928623 0.0023383656
9 530.83841 718.94862 339.87625020596397 -46.92350777142691 79757.04 77620.27 2136.7696 16.675606 0.0034801425
10 602.40266 700.76882 339.8597350114747 -46.920505279732915 80189.534 77698.292 2491.2415 16.50896 0.0034514405
11 871.89565 649.34608 339.79724228355155 -46.91188491038585 92785.427 77331.053 15454.375 14.527371 0.003193383
12 204.32588 632.17779 339.95141433252803 -46.91033256266307 80357.669 79102.726 1254.9427 17.25344 0.0034650836
13 353.72697 611.95575 339.9171538445837 -46.90691105138251 94325.585 77807.613 16517.973 14.455108 0.0030778204
14 306.78559 507.82473 339.92806616081225 -46.89056608723786 81301.631 78801.019 2500.6123 16.504884 0.0034261816
15 517.37648 492.15757 339.8795575105865 -46.88779094267845 79875.125 78617.149 1257.976 17.250819 0.0035778997
16 217.73284 478.67312 339.94854866215985 -46.886097219955246 101573.52 79174.905 22398.619 14.124447 0.0029896146
17 248.74673 465.60791 339.94144960001574 -46.883999886869965 83949.765 79361.409 4588.3558 15.845857 0.0034084314
18 259.72373 449.79671 339.9389496824826 -46.88149798439518 81474.864 79295.399 2179.4655 16.654125 0.0034082035
19 425.63032 449.12275 339.9007741119037 -46.88116535806628 111049.09 78670.015 32379.073 13.724339 0.0027543631
20 483.37736 444.98666 339.88745346935605 -46.880432457313745 93656.688 78254.051 15402.637 14.531012 0.0031840025
21 638.22374 417.22949 339.8516499887513 -46.875846098831545 283093.69 79278.123 203815.57 11.726907 0.001524534
22 431.38828 376.76451 339.8995202276603 -46.86980116843778 82047.066 78799.359 3247.7067 16.221058 0.0033999621
23 517.02372 377.77922 339.8797409501453 -46.86984244260774 81262.205 79159.719 2102.4852 16.693168 0.0035249886
24 756.56957 346.79474 339.82421229624833 -46.86464007694389 82950.305 78616.135 4334.1703 15.907735 0.003467328
25 724.56531 323.06553 339.83166735820424 -46.86098041270324 87354.809 78697.011 8657.7978 15.156481 0.0033138492
26 493.94312 249.78801 339.8851945101811 -46.84984680351322 91982.423 78773.994 13208.429 14.697872 0.0031424972
27 906.78111 245.92119 339.7892403804744 -46.848671184765365 81204.05 77888.404 3315.6457 16.19858 0.0035089887
28 789.00985 241.746 339.8167145632464 -46.848196077746856 81794.532 78193.896 3600.6356 16.109052 0.0034192802
29 698.35345 237.8455 339.837811394823 -46.847715685697366 80257.436 78353.455 1903.9816 16.800843 0.0035317238
30 248.40332 227.8219 339.94183711492633 -46.846692686002555 82988.866 80074.25 2914.6161 16.338547 0.0034589657
31 445.82584 219.54308 339.89634604413055 -46.845180631192434 82194.49 79111.557 3082.9326 16.27759 0.0034860987
32 979.57874 215.53904 339.7722259618557 -46.843830557519006 81506.102 77866.629 3639.4726 16.097404 0.0035147987
33 770.10334 172.8816 339.8211530470592 -46.83749844653641 81176.25 78117.013 3059.2368 16.285967 0.0035217921
34 786.54393 159.95996 339.8173289721664 -46.83546609775716 82115.14 77835.666 4279.4741 15.921524 0.0035066632
35 791.56479 153.33205 339.8161619852488 -46.83442859657349 80688.545 78179.458 2509.0869 16.501211 0.0035212602
36 229.10115 143.75911 339.94638567553443 -46.83357465085982 81904.114 80268.718 1635.3959 16.965943 0.0034131214
37 186.03187 127.17883 339.95630639867977 -46.83102506663694 84704.879 80756.452 3948.4265 16.00894 0.0033041264
38 705.69893 126.26476 339.8361721151953 -46.8303308719412 80996.861 78309.358 2687.5036 16.426627 0.0034360365
39 26.831079 33.835117 339.99295762880223 -46.81658368813214 88671.327 83705.25 4966.0762 15.759967 0.0033763449
