Tablas/Vv0012w.ecsv
# %ECSV 0.9
# ---
# datatype:
# - {name: id, datatype: int64, format: '%.8g'}
# - {name: xcenter, unit: pix, datatype: float64, format: '%.8g'}
# - {name: ycenter, unit: pix, datatype: float64, format: '%.8g'}
# - {name: sky_center.ra, unit: deg, datatype: float64}
# - {name: sky_center.dec, unit: deg, datatype: float64}
# - {name: aperture_sum, datatype: float64, format: '%.8g'}
# - {name: aper_bkg, datatype: float64, format: '%.8g'}
# - {name: aper_sum_bkgsub, datatype: float64, format: '%.8g'}
# - {name: inst_mag, datatype: float64, format: '%.8g'}
# - {name: inst_mag_err, datatype: float64, format: '%.8g'}
# meta: !!omap
# - {name: Aperture photometry results}
# - {version: 'astropy: 3.2.3, photutils: 0.7.2'}
# - {aperture_photometry_args: 'method=''exact'', subpixels=5'}
# - {filename: Vv0012w.fits}
# - {mjd: 58756.046412}
# - __serialized_columns__:
#     sky_center:
#       __class__: astropy.coordinates.sky_coordinate.SkyCoord
#       dec: !astropy.table.SerializedColumn
#         __class__: astropy.coordinates.angles.Latitude
#         unit: &id001 !astropy.units.Unit {unit: deg}
#         value: !astropy.table.SerializedColumn {name: sky_center.dec}
#       equinox: !astropy.time.Time {format: jyear, in_subfmt: '*', jd1: 2451545.0, jd2: 0.0, out_subfmt: '*', precision: 3, scale: tt}
#       frame: fk5
#       ra: !astropy.table.SerializedColumn
#         __class__: astropy.coordinates.angles.Longitude
#         unit: *id001
#         value: !astropy.table.SerializedColumn {name: sky_center.ra}
#         wrap_angle: !astropy.coordinates.Angle
#           unit: *id001
#           value: 360.0
#       representation_type: spherical
#     xcenter:
#       __class__: astropy.units.quantity.Quantity
#       __info__: {format: '%.8g'}
#       unit: &id002 !astropy.units.Unit {unit: pix}
#       value: !astropy.table.SerializedColumn {name: xcenter}
#     ycenter:
#       __class__: astropy.units.quantity.Quantity
#       __info__: {format: '%.8g'}
#       unit: *id002
#       value: !astropy.table.SerializedColumn {name: ycenter}
# schema: astropy-2.0
id xcenter ycenter sky_center.ra sky_center.dec aperture_sum aper_bkg aper_sum_bkgsub inst_mag inst_mag_err
1 293.47439 937.34192 339.9309116332052 -46.958963466049454 85889.656 80319.696 5569.96 15.63537 0.0033034969
2 98.108917 917.91186 339.97534729282194 -46.9560703554799 83381.505 82383.972 997.53293 17.502682 0.0034603771
3 834.61021 862.68795 339.8063180584164 -46.94610018595023 94056.192 78661.165 15395.027 14.531549 0.0031731319
4 971.58185 845.03284 339.7743848599585 -46.942926485111876 84376.093 79270.709 5105.384 15.729929 0.0034447748
5 322.25137 833.42092 339.9244439002668 -46.94245405519429 308121.57 80785.25 227336.32 11.608328 0.0014641631
6 385.11196 817.95126 339.91007312865753 -46.93991908672667 81503.903 80206.858 1297.0454 17.217612 0.0035130653
7 138.70517 788.5971 339.96633241871183 -46.93555272663725 83627.545 81768.188 1859.3567 16.826593 0.0033686313
8 267.98299 743.25793 339.9369420881023 -46.928255637474635 147750.48 80827.593 66922.892 12.936063 0.0022670745
9 532.58262 715.68648 339.87625020596397 -46.92350777142691 82031.276 80199.156 1832.1199 16.842615 0.0035004678
10 604.15998 697.53741 339.8597350114747 -46.920505279732915 83024.102 80215.055 2809.0472 16.378602 0.0034757996
11 873.21697 646.89118 339.79724228355155 -46.91188491038585 94779.711 79752.339 15027.371 14.557792 0.0031562241
12 205.25791 629.31102 339.95141433252803 -46.91033256266307 82740.141 81336.995 1403.1467 17.132242 0.0033856497
13 355.09911 608.72417 339.9171538445837 -46.90691105138251 96254.101 80294.403 15959.699 14.492438 0.0030498809
14 308.06529 504.53137 339.92806616081225 -46.89056608723786 83439.936 81178.957 2260.9794 16.614258 0.0034497577
15 518.8632 488.902 339.8795575105865 -46.88779094267845 81972.242 80769.444 1202.798 17.299518 0.0034876741
16 218.81683 475.47235 339.94854866215985 -46.886097219955246 103859.76 81374.984 22484.778 14.120278 0.0028737243
17 249.92198 462.33722 339.94144960001574 -46.883999886869965 86617.529 81794.621 4822.9082 15.791728 0.0033598271
18 260.93682 446.49245 339.9389496824826 -46.88149798439518 84051.879 81773.896 2277.9836 16.606124 0.0033526864
19 427.07523 445.77985 339.9007741119037 -46.88116535806628 113809.66 81116.079 32693.582 13.713844 0.0027034742
20 484.83948 441.70657 339.88745346935605 -46.880432457313745 96363.969 80673.819 15690.15 14.510932 0.0031064625
21 639.54772 414.35168 339.8516499887513 -46.875846098831545 316384.74 81389.228 234995.51 11.572351 0.0014377569
22 432.83755 373.4452 339.8995202276603 -46.86980116843778 85101.043 81149.902 3951.1408 16.008194 0.003321247
23 518.45308 374.61326 339.8797409501453 -46.86984244260774 83453.412 81220.602 2232.8097 16.627871 0.0034338587
24 757.53745 344.59171 339.82421229624833 -46.86464007694389 85184.428 80788.865 4395.5632 15.892464 0.0034008415
25 725.59492 320.76613 339.83166735820424 -46.86098041270324 89868.623 80709.172 9159.4512 15.095326 0.0032853313
26 495.38688 246.72204 339.8851945101811 -46.84984680351322 94075.458 81192.452 12883.007 14.724957 0.0031562601
27 906.99921 245.06351 339.7892403804744 -46.848671184765365 83842.686 80373.081 3469.6041 16.1493 0.003442189
28 789.72805 240.07782 339.8167145632464 -46.848196077746856 84441.878 80702.673 3739.2047 16.068052 0.0034011505
29 699.37585 235.65775 339.837811394823 -46.847715685697366 82643.092 80694.779 1948.3124 16.775854 0.0033908717
30 249.86225 224.36992 339.94183711492633 -46.846692686002555 85418.479 82227.323 3191.1557 16.24013 0.0033827233
31 447.32658 216.38381 339.89634604413055 -46.845180631192434 84441.729 81264.394 3177.3356 16.244842 0.0034081581
32 979.3591 215.4257 339.7722259618557 -46.843830557519006 83933.589 80171.728 3761.8609 16.061493 0.0034584469
33 770.82065 171.34862 339.8211530470592 -46.83749844653641 83400.816 80619.95 2780.8654 16.38955 0.0034382525
34 787.18218 158.58977 339.8173289721664 -46.83546609775716 83341.61 80528.757 2812.8532 16.377132 0.0034512971
35 792.17552 152.02394 339.8161619852488 -46.83442859657349 83405.563 80504.995 2900.5685 16.343792 0.0034559854
36 230.68998 140.28796 339.94638567553443 -46.83357465085982 84479.872 82617.272 1862.5996 16.824701 0.0034254924
37 187.61126 123.68424 339.95630639867977 -46.83102506663694 86444.49 82821.113 3623.3762 16.102216 0.0032647485
38 706.62914 124.48811 339.8361721151953 -46.8303308719412 83371.643 80745.857 2625.7855 16.451852 0.0034681002
39 28.401449 30.326256 339.99295762880223 -46.81658368813214 90374.079 86230.528 4143.5502 15.956568 0.0033968339
