Tablas/Vv0037w.ecsv
# %ECSV 0.9
# ---
# datatype:
# - {name: id, datatype: int64, format: '%.8g'}
# - {name: xcenter, unit: pix, datatype: float64, format: '%.8g'}
# - {name: ycenter, unit: pix, datatype: float64, format: '%.8g'}
# - {name: celestial_center.ra, unit: deg, datatype: float64}
# - {name: celestial_center.dec, unit: deg, datatype: float64}
# - {name: aperture_sum, datatype: float64, format: '%.8g'}
# - {name: aper_bkg, datatype: float64, format: '%.8g'}
# - {name: aper_sum_bkgsub, datatype: float64, format: '%.8g'}
# - {name: inst_mag, datatype: float64, format: '%.8g'}
# - {name: inst_mag_err, datatype: float64, format: '%.8g'}
# meta: !!omap
# - {name: Aperture photometry results}
# - {version: 'astropy: 3.2.3, photutils: 0.6'}
# - {aperture_photometry_args: 'method=''exact'', subpixels=5'}
# - {filename: Vv0037w.fits}
# - {mjd: 58756.074433}
# - __serialized_columns__:
#     celestial_center:
#       __class__: astropy.coordinates.sky_coordinate.SkyCoord
#       dec: !astropy.table.SerializedColumn
#         __class__: astropy.coordinates.angles.Latitude
#         unit: &id001 !astropy.units.Unit {unit: deg}
#         value: !astropy.table.SerializedColumn {name: celestial_center.dec}
#       equinox: !astropy.time.Time {format: jyear, in_subfmt: '*', jd1: 2451545.0, jd2: 0.0, out_subfmt: '*', precision: 3, scale: tt}
#       frame: fk5
#       ra: !astropy.table.SerializedColumn
#         __class__: astropy.coordinates.angles.Longitude
#         unit: *id001
#         value: !astropy.table.SerializedColumn {name: celestial_center.ra}
#         wrap_angle: !astropy.coordinates.Angle
#           unit: *id001
#           value: 360.0
#       representation_type: spherical
#     xcenter:
#       __class__: astropy.units.quantity.Quantity
#       __info__: {format: '%.8g'}
#       unit: &id002 !astropy.units.Unit {unit: pix}
#       value: !astropy.table.SerializedColumn {name: xcenter}
#     ycenter:
#       __class__: astropy.units.quantity.Quantity
#       __info__: {format: '%.8g'}
#       unit: *id002
#       value: !astropy.table.SerializedColumn {name: ycenter}
# schema: astropy-2.0
id xcenter ycenter celestial_center.ra celestial_center.dec aperture_sum aper_bkg aper_sum_bkgsub inst_mag inst_mag_err
1 290.98361 935.76792 339.9309116332097 -46.95896346604986 83850.291 78314.98 5535.3114 15.642145 0.0033507641
2 97.064353 917.55883 339.9753472928264 -46.95607035548032 81494.225 80744.533 749.6922 17.812793 0.0033957867
3 830.94901 860.25831 339.8063180584209 -46.946100185950634 93682.761 76648.853 17033.908 14.421714 0.0031865696
4 968.47488 843.1693 339.774384859963 -46.94292648511229 82147.677 77248.813 4898.864 15.774762 0.0034898681
5 319.16741 831.31215 339.9244439002713 -46.9424540551947 308338.01 78773.502 229564.51 11.597738 0.0014453592
6 381.70405 815.5652 339.910073128662 -46.93991908672707 79192.607 78123.691 1068.9162 17.427641 0.0034932825
7 136.55361 787.28862 339.9663324187163 -46.93555272663767 81305.911 80146.902 1159.0083 17.339784 0.0034160476
8 264.85413 741.09768 339.9369420881068 -46.92825563747505 146318.85 78771.725 67547.121 12.925983 0.0022799041
9 528.71079 712.89486 339.87625020596846 -46.92350777142732 80023.06 77730.297 2292.7632 16.599102 0.0034502163
10 600.30677 694.77248 339.8597350114792 -46.92050527973333 80560.404 77872.314 2688.0906 16.42639 0.0034417766
11 870.33169 645.06275 339.79724228355605 -46.911884910386256 92994.314 77754.008 15240.306 14.542516 0.0031868832
12 202.05462 627.09967 339.9514143325325 -46.91033256266348 80541.724 79281.539 1260.1856 17.248914 0.0034245646
13 351.3615 606.03152 339.9171538445882 -46.90691105138291 94183.564 78571.028 15612.535 14.516316 0.0030942045
14 304.29639 501.83311 339.92806616081674 -46.89056608723827 81288.818 79217.378 2071.4404 16.709319 0.00341278
15 515.12057 486.2091 339.879557510591 -46.887790942678855 80085.016 78734.698 1350.3177 17.17391 0.0035508509
16 215.19914 472.93665 339.94854866216434 -46.88609721995566 103446.86 79185.839 24261.018 14.037727 0.0029439974
17 246.21276 459.71718 339.94144960002023 -46.88399988687038 84353.009 79600.076 4752.9332 15.807596 0.0033976174
18 257.18989 443.84189 339.9389496824871 -46.881497984395594 81538.112 79639.617 1898.4945 16.803977 0.0033995775
19 423.26032 443.03612 339.90077411190816 -46.881165358066696 110726.2 78911.27 31814.925 13.743423 0.002821657
20 481.10573 439.0297 339.88745346936054 -46.88043245731415 93253.454 78717.153 14536.302 14.593865 0.003178175
21 636.35997 412.16362 339.8516499887558 -46.87584609883195 321829.73 79275.641 242554.09 11.537979 0.0014254899
22 429.11411 370.80148 339.89952022766477 -46.8698011684382 82723.684 78867.093 3856.5916 16.034491 0.0033757937
23 514.93017 372.13589 339.87974095014977 -46.86984244260815 81721.699 79042.569 2679.1299 16.430016 0.0034682005
24 755.31623 343.29093 339.8242122962528 -46.8646400769443 83069.329 78726.696 4342.6336 15.905617 0.0034420697
25 723.27775 319.37961 339.83166735820873 -46.860980412703654 87050.784 78723.484 8327.3 15.198739 0.0033229517
26 492.13967 244.53998 339.8851945101856 -46.849846803513636 92391.96 79290.224 13101.737 14.706678 0.0032202899
27 906.68873 245.53718 339.7892403804789 -46.84867118476578 81490.674 78353.983 3136.6917 16.25882 0.0035323144
28 788.35683 239.57045 339.81671456325086 -46.84819607774725 82197.302 78709.782 3487.5205 16.143708 0.0033930629
29 697.32158 234.53007 339.8378113948275 -46.84771568569777 80688.245 78723.521 1964.7235 16.766746 0.0034480822
30 246.09677 221.82202 339.9418371149308 -46.84669268600296 83406.547 80226.644 3179.9034 16.243965 0.003362352
31 443.98816 214.1471 339.89634604413504 -46.84518063119284 82197.159 79322.653 2874.5057 16.353592 0.0033858361
32 980.07292 216.85878 339.77222596186016 -46.84383055751941 81989.574 78286.899 3702.6744 16.078711 0.0034781342
33 769.73267 171.12001 339.8211530470637 -46.83749844653682 81630.426 78373.013 3257.4133 16.217818 0.0034111116
34 786.33059 158.58152 339.8173289721709 -46.83546609775758 81380.084 78314.44 3065.6442 16.283696 0.0034166953
35 791.41685 152.10302 339.81616198525325 -46.83442859657389 81095.575 78379.014 2716.5606 16.414952 0.0035081365
36 226.99053 137.87077 339.9463856755389 -46.833574650860236 82566.384 80659.682 1906.7025 16.799293 0.0033868105
37 183.88956 121.28613 339.95630639868426 -46.83102506663734 85131.966 81147.424 3984.5419 15.999054 0.0033156837
38 705.28908 124.05316 339.8361721151998 -46.83033087194162 81286.692 78716.866 2569.8254 16.475241 0.0034280836
39 24.722235 28.17323 339.9929576288067 -46.816583688132546 88937.726 52995.201 35942.526 13.610979 0.024430449
