Tablas/Vv0014w.ecsv
# %ECSV 0.9
# ---
# datatype:
# - {name: id, datatype: int64, format: '%.8g'}
# - {name: xcenter, unit: pix, datatype: float64, format: '%.8g'}
# - {name: ycenter, unit: pix, datatype: float64, format: '%.8g'}
# - {name: sky_center.ra, unit: deg, datatype: float64}
# - {name: sky_center.dec, unit: deg, datatype: float64}
# - {name: aperture_sum, datatype: float64, format: '%.8g'}
# - {name: aper_bkg, datatype: float64, format: '%.8g'}
# - {name: aper_sum_bkgsub, datatype: float64, format: '%.8g'}
# - {name: inst_mag, datatype: float64, format: '%.8g'}
# - {name: inst_mag_err, datatype: float64, format: '%.8g'}
# meta: !!omap
# - {name: Aperture photometry results}
# - {version: 'astropy: 3.2.3, photutils: 0.7.2'}
# - {aperture_photometry_args: 'method=''exact'', subpixels=5'}
# - {filename: Vv0014w.fits}
# - {mjd: 58756.048646}
# - __serialized_columns__:
#     sky_center:
#       __class__: astropy.coordinates.sky_coordinate.SkyCoord
#       dec: !astropy.table.SerializedColumn
#         __class__: astropy.coordinates.angles.Latitude
#         unit: &id001 !astropy.units.Unit {unit: deg}
#         value: !astropy.table.SerializedColumn {name: sky_center.dec}
#       equinox: !astropy.time.Time {format: jyear, in_subfmt: '*', jd1: 2451545.0, jd2: 0.0, out_subfmt: '*', precision: 3, scale: tt}
#       frame: fk5
#       ra: !astropy.table.SerializedColumn
#         __class__: astropy.coordinates.angles.Longitude
#         unit: *id001
#         value: !astropy.table.SerializedColumn {name: sky_center.ra}
#         wrap_angle: !astropy.coordinates.Angle
#           unit: *id001
#           value: 360.0
#       representation_type: spherical
#     xcenter:
#       __class__: astropy.units.quantity.Quantity
#       __info__: {format: '%.8g'}
#       unit: &id002 !astropy.units.Unit {unit: pix}
#       value: !astropy.table.SerializedColumn {name: xcenter}
#     ycenter:
#       __class__: astropy.units.quantity.Quantity
#       __info__: {format: '%.8g'}
#       unit: *id002
#       value: !astropy.table.SerializedColumn {name: ycenter}
# schema: astropy-2.0
id xcenter ycenter sky_center.ra sky_center.dec aperture_sum aper_bkg aper_sum_bkgsub inst_mag inst_mag_err
1 293.84717 939.71976 339.9309116332052 -46.958963466049454 85565.194 80114.725 5450.4692 15.658915 0.0033010538
2 100.52261 917.25726 339.97534729282194 -46.9560703554799 83413.651 82259.007 1154.6443 17.343879 0.0034576071
3 836.0126 865.2791 339.8063180584164 -46.94610018595023 93549.789 78217.463 15332.326 14.53598 0.0031679057
4 974.75056 845.38253 339.7743848599585 -46.942926485111876 83688.41 78693.161 4995.249 15.753607 0.0034556505
5 322.7899 836.6581 339.9244439002668 -46.94245405519429 307518.89 80318.888 227200 11.608979 0.0014672585
6 385.44066 821.73062 339.91007312865753 -46.93991908672667 80817.257 79733.613 1083.6436 17.412784 0.003530598
7 140.73824 789.80223 339.96633241871183 -46.93555272663725 83465.615 81709.958 1755.6569 16.888901 0.0033465548
8 269.0578 746.37855 339.9369420881023 -46.928255637474635 147566.91 80670.411 66896.5 12.936492 0.0022844685
9 533.33686 719.83361 339.87625020596397 -46.92350777142691 82145.597 79608.206 2537.3913 16.489031 0.0033905304
10 605.27936 701.35742 339.8597350114747 -46.920505279732915 82661.074 79349.332 3311.7418 16.199859 0.0034646107
11 877.16849 647.08904 339.79724228355155 -46.91188491038585 94796.217 79310.84 15485.376 14.525196 0.0031402493
12 206.85051 632.32101 339.95141433252803 -46.91033256266307 82183.152 80830.513 1352.6395 17.172045 0.0033906202
13 356.17239 612.75563 339.9171538445837 -46.90691105138251 95930.208 80071.852 15858.356 14.499355 0.0031179733
14 309.39604 508.50602 339.92806616081225 -46.89056608723786 83019.184 80768.033 2251.1504 16.618989 0.0033724545
15 520.62316 492.45651 339.8795575105865 -46.88779094267845 81825.852 80380.226 1445.6259 17.09986 0.0035143676
16 220.38555 479.09409 339.94854866215985 -46.886097219955246 103016.22 80795.727 22220.491 14.133116 0.0029683369
17 251.39728 466.14452 339.94144960001574 -46.883999886869965 86102.114 81267.306 4834.8073 15.789052 0.0033782919
18 262.39225 450.3625 339.9389496824826 -46.88149798439518 83504.172 81244.918 2259.2533 16.615088 0.0034387217
19 428.60985 449.65425 339.9007741119037 -46.88116535806628 113572.43 80595.683 32976.75 13.70448 0.0027796322
20 486.60425 445.28623 339.88745346935605 -46.880432457313745 95767.481 80169.098 15598.383 14.517301 0.0031053947
21 642.52355 416.23827 339.8516499887513 -46.875846098831545 304418.91 81182.043 223236.86 11.628085 0.0014573336
22 434.56173 377.06375 339.8995202276603 -46.86980116843778 84465.639 80701.891 3763.748 16.060949 0.0034116446
23 520.62513 377.61333 339.8797409501453 -46.86984244260774 83289.123 80733.839 2555.2835 16.481402 0.003370816
24 762.28929 343.78321 339.82421229624833 -46.86464007694389 85090.455 80154.216 4936.2392 15.76651 0.0033801087
25 730.05633 320.33261 339.83166735820424 -46.86098041270324 89346.016 80364.624 8981.3916 15.116641 0.0032641304
26 497.75576 249.16721 339.8851945101811 -46.84984680351322 94448.875 80748.28 13700.595 14.658151 0.0031693928
27 914.9338 239.08823 339.7892403804744 -46.848671184765365 83033.656 79790.63 3243.0263 16.222624 0.0034549903
28 795.6078 237.2247 339.8167145632464 -46.848196077746856 83889.733 80109.141 3780.5916 16.056101 0.0034554413
29 703.9365 234.78666 339.837811394823 -46.847715685697366 82252.571 80135.558 2117.0133 16.685691 0.0034837704
30 251.24652 228.16306 339.94183711492633 -46.846692686002555 85292.679 81777.466 3515.2123 16.135121 0.0033056728
31 449.41648 219.13145 339.89634604413055 -46.845180631192434 84174.71 81101.772 3072.9388 16.281115 0.0034379374
32 989.03 206.61249 339.7722259618557 -46.843830557519006 79921.066 79683.387 237.67906 19.060023 0.0035669836
33 776.78866 168.01049 339.8211530470592 -46.83749844653641 82570.98 79826.58 2744.4001 16.403881 0.0034811768
34 793.49579 154.64353 339.8173289721664 -46.83546609775716 83023.025 79770.316 3252.7092 16.219387 0.003458029
35 798.6121 147.84728 339.8161619852488 -46.83442859657349 83112.464 79745.278 3367.1857 16.181832 0.0034665337
36 231.9398 143.95138 339.94638567553443 -46.83357465085982 83643.067 82164.417 1478.6502 17.075336 0.0033411631
37 188.79889 127.36117 339.95630639867977 -46.83102506663694 86709.301 82694.35 4014.9505 15.990799 0.003363156
38 711.80899 122.07595 339.8361721151953 -46.8303308719412 83530.181 80259.032 3271.149 16.213249 0.0034634324
39 29.497611 33.633035 339.99295762880223 -46.81658368813214 90619.804 85907.531 4712.2722 15.816924 0.003317928
