Tablas/Vv0038w.ecsv
# %ECSV 0.9
# ---
# datatype:
# - {name: id, datatype: int64, format: '%.8g'}
# - {name: xcenter, unit: pix, datatype: float64, format: '%.8g'}
# - {name: ycenter, unit: pix, datatype: float64, format: '%.8g'}
# - {name: celestial_center.ra, unit: deg, datatype: float64}
# - {name: celestial_center.dec, unit: deg, datatype: float64}
# - {name: aperture_sum, datatype: float64, format: '%.8g'}
# - {name: aper_bkg, datatype: float64, format: '%.8g'}
# - {name: aper_sum_bkgsub, datatype: float64, format: '%.8g'}
# - {name: inst_mag, datatype: float64, format: '%.8g'}
# - {name: inst_mag_err, datatype: float64, format: '%.8g'}
# meta: !!omap
# - {name: Aperture photometry results}
# - {version: 'astropy: 3.2.3, photutils: 0.6'}
# - {aperture_photometry_args: 'method=''exact'', subpixels=5'}
# - {filename: Vv0038w.fits}
# - {mjd: 58756.075556}
# - __serialized_columns__:
#     celestial_center:
#       __class__: astropy.coordinates.sky_coordinate.SkyCoord
#       dec: !astropy.table.SerializedColumn
#         __class__: astropy.coordinates.angles.Latitude
#         unit: &id001 !astropy.units.Unit {unit: deg}
#         value: !astropy.table.SerializedColumn {name: celestial_center.dec}
#       equinox: !astropy.time.Time {format: jyear, in_subfmt: '*', jd1: 2451545.0, jd2: 0.0, out_subfmt: '*', precision: 3, scale: tt}
#       frame: fk5
#       ra: !astropy.table.SerializedColumn
#         __class__: astropy.coordinates.angles.Longitude
#         unit: *id001
#         value: !astropy.table.SerializedColumn {name: celestial_center.ra}
#         wrap_angle: !astropy.coordinates.Angle
#           unit: *id001
#           value: 360.0
#       representation_type: spherical
#     xcenter:
#       __class__: astropy.units.quantity.Quantity
#       __info__: {format: '%.8g'}
#       unit: &id002 !astropy.units.Unit {unit: pix}
#       value: !astropy.table.SerializedColumn {name: xcenter}
#     ycenter:
#       __class__: astropy.units.quantity.Quantity
#       __info__: {format: '%.8g'}
#       unit: *id002
#       value: !astropy.table.SerializedColumn {name: ycenter}
# schema: astropy-2.0
id xcenter ycenter celestial_center.ra celestial_center.dec aperture_sum aper_bkg aper_sum_bkgsub inst_mag inst_mag_err
1 290.8635 936.09306 339.9309116332097 -46.95896346604986 83892.838 78689.418 5203.4197 15.709278 0.0034377936
2 96.956013 917.98008 339.9753472928264 -46.95607035548032 81593.061 80692.724 900.33678 17.613988 0.0034089987
3 830.71709 860.60164 339.8063180584209 -46.946100185950634 93393.71 76741.226 16652.484 14.446302 0.0030930765
4 968.19873 843.53328 339.774384859963 -46.94292648511229 82336.006 77395.086 4940.9198 15.76548 0.0034708437
5 319.05165 831.76788 339.9244439002713 -46.9424540551947 308932.22 79078.228 229853.99 11.59637 0.0014442136
6 381.58629 816.01791 339.910073128662 -46.93991908672707 79400.837 78288.668 1112.1683 17.384574 0.0034900979
7 136.43457 787.87867 339.9663324187163 -46.93555272663767 81743.722 80263.838 1479.884 17.074431 0.0034050708
8 264.745 741.67691 339.9369420881068 -46.92825563747505 146792.06 78860.587 67931.469 12.919822 0.0023258867
9 528.60612 713.3945 339.87625020596846 -46.92350777142732 80149.34 78172.798 1976.5418 16.760235 0.0034605394
10 600.20262 695.26282 339.8597350114792 -46.92050527973333 80809.333 78179.965 2629.3675 16.450372 0.00344389
11 870.21291 645.51719 339.79724228355605 -46.911884910386256 93394.693 78160.443 15234.25 14.542947 0.0031944396
12 201.94278 627.8201 339.9514143325325 -46.91033256266348 81261.624 79722.108 1539.5163 17.031539 0.0034201974
13 351.27658 606.68019 339.9171538445882 -46.90691105138291 94900.954 78770.709 16130.245 14.480898 0.0031497865
14 304.21961 502.56645 339.92806616081674 -46.89056608723827 81754.803 79360.516 2394.2873 16.552059 0.003410228
15 515.08935 486.82031 339.879557510591 -46.887790942678855 80339.195 79205.08 1134.1143 17.363358 0.0035552445
16 215.09986 473.74679 339.94854866216434 -46.88609721995566 102279.29 79733.428 22545.864 14.117333 0.002982299
17 246.12496 460.50938 339.94144960002023 -46.88399988687038 84901.328 80124.231 4777.0964 15.80209 0.0034109883
18 257.10765 444.63163 339.9389496824871 -46.881497984395594 82404.655 80082.641 2322.0145 16.585338 0.0034080188
19 423.22532 443.70978 339.90077411190816 -46.881165358066696 111368.92 79090.596 32278.326 13.727722 0.0027486315
20 481.08464 439.66803 339.88745346936054 -46.88043245731415 93592.259 78913.01 14679.248 14.58324 0.0031803602
21 636.37625 412.71566 339.8516499887558 -46.87584609883195 328357.76 79801.083 248556.67 11.511436 0.0013962916
22 429.10165 371.47834 339.89952022766477 -46.8698011684382 83160.055 79301.284 3858.7708 16.033878 0.0034643832
23 514.94041 372.75517 339.87974095014977 -46.86984244260815 82358.365 79646.914 2711.4513 16.416995 0.0034827372
24 755.38535 343.76784 339.8242122962528 -46.8646400769443 83397.444 79250.47 4146.974 15.955672 0.0034641065
25 723.35615 319.86431 339.83166735820873 -46.860980412703654 87730.562 79160.077 8570.4846 15.167487 0.0033200345
26 492.19215 245.1489 339.8851945101856 -46.849846803513636 92688.946 79639.989 13048.957 14.711061 0.0031193283
27 906.84348 245.88809 339.7892403804789 -46.84867118476578 81708.919 78821.108 2887.8111 16.348578 0.0034888493
28 788.49643 239.97888 339.81671456325086 -46.84819607774725 82471.156 78809.196 3661.9602 16.090716 0.003377763
29 697.44341 234.99006 339.8378113948275 -46.84771568569777 80925.13 79141.595 1783.5356 16.871796 0.0035294975
30 246.04395 222.64012 339.9418371149308 -46.84669268600296 83463.332 80624.759 2838.5733 16.36725 0.0033772155
31 444.03289 214.78373 339.89634604413504 -46.84518063119284 82640.359 79717.023 2923.3365 16.335303 0.0033843479
32 980.25908 217.15313 339.77222596186016 -46.84383055751941 82318.467 78750.741 3567.7261 16.119021 0.0035058655
33 769.91289 171.49148 339.8211530470637 -46.83749844653682 81613.163 78759.192 2853.9714 16.361376 0.0034984096
34 786.52371 158.93236 339.8173289721709 -46.83546609775758 81661.908 78785.27 2876.6375 16.352787 0.0034157136
35 791.61577 152.44521 339.81616198525325 -46.83442859657389 81492.212 78734.735 2757.4775 16.39872 0.0034024145
36 226.94193 138.68593 339.9463856755389 -46.833574650860236 82557.256 80859.89 1697.3654 16.925562 0.0033756053
37 183.8159 122.14244 339.95630639868426 -46.83102506663734 85171.11 81324.174 3846.9365 16.037212 0.0034023727
38 705.47927 124.43082 339.8361721151998 -46.83033087194162 81378.244 78816.011 2562.2326 16.478454 0.0035098401
39 24.536501 29.187093 339.9929576288067 -46.816583688132546 89501.373 54222.411 35278.962 13.631211 0.02414734
