Tablas/Vv0014w.ecsv
# %ECSV 0.9
# ---
# datatype:
# - {name: id, datatype: int64, format: '%.8g'}
# - {name: xcenter, unit: pix, datatype: float64, format: '%.8g'}
# - {name: ycenter, unit: pix, datatype: float64, format: '%.8g'}
# - {name: celestial_center.ra, unit: deg, datatype: float64}
# - {name: celestial_center.dec, unit: deg, datatype: float64}
# - {name: aperture_sum, datatype: float64, format: '%.8g'}
# - {name: aper_bkg, datatype: float64, format: '%.8g'}
# - {name: aper_sum_bkgsub, datatype: float64, format: '%.8g'}
# - {name: inst_mag, datatype: float64, format: '%.8g'}
# - {name: inst_mag_err, datatype: float64, format: '%.8g'}
# meta: !!omap
# - {name: Aperture photometry results}
# - {version: 'astropy: 3.2.3, photutils: 0.6'}
# - {aperture_photometry_args: 'method=''exact'', subpixels=5'}
# - {filename: Vv0014w.fits}
# - {mjd: 58756.048646}
# - __serialized_columns__:
#     celestial_center:
#       __class__: astropy.coordinates.sky_coordinate.SkyCoord
#       dec: !astropy.table.SerializedColumn
#         __class__: astropy.coordinates.angles.Latitude
#         unit: &id001 !astropy.units.Unit {unit: deg}
#         value: !astropy.table.SerializedColumn {name: celestial_center.dec}
#       equinox: !astropy.time.Time {format: jyear, in_subfmt: '*', jd1: 2451545.0, jd2: 0.0, out_subfmt: '*', precision: 3, scale: tt}
#       frame: fk5
#       ra: !astropy.table.SerializedColumn
#         __class__: astropy.coordinates.angles.Longitude
#         unit: *id001
#         value: !astropy.table.SerializedColumn {name: celestial_center.ra}
#         wrap_angle: !astropy.coordinates.Angle
#           unit: *id001
#           value: 360.0
#       representation_type: spherical
#     xcenter:
#       __class__: astropy.units.quantity.Quantity
#       __info__: {format: '%.8g'}
#       unit: &id002 !astropy.units.Unit {unit: pix}
#       value: !astropy.table.SerializedColumn {name: xcenter}
#     ycenter:
#       __class__: astropy.units.quantity.Quantity
#       __info__: {format: '%.8g'}
#       unit: *id002
#       value: !astropy.table.SerializedColumn {name: ycenter}
# schema: astropy-2.0
id xcenter ycenter celestial_center.ra celestial_center.dec aperture_sum aper_bkg aper_sum_bkgsub inst_mag inst_mag_err
1 293.84717 939.71976 339.9309116332097 -46.95896346604986 85565.194 80114.725 5450.4692 15.658915 0.0033010538
2 100.52261 917.25726 339.9753472928264 -46.95607035548032 83413.651 82259.007 1154.6443 17.343879 0.0034576071
3 836.0126 865.2791 339.8063180584209 -46.946100185950634 93549.789 78217.463 15332.326 14.53598 0.0031679057
4 974.75056 845.38253 339.774384859963 -46.94292648511229 83688.41 78693.161 4995.249 15.753607 0.0034556505
5 322.7899 836.6581 339.9244439002713 -46.9424540551947 307518.89 80318.888 227200 11.608979 0.0014672585
6 385.44066 821.73062 339.910073128662 -46.93991908672707 80817.257 79733.613 1083.6436 17.412784 0.003530598
7 140.73824 789.80223 339.9663324187163 -46.93555272663767 83465.615 81709.958 1755.6569 16.888901 0.0033465548
8 269.0578 746.37855 339.9369420881068 -46.92825563747505 147566.91 80670.411 66896.5 12.936492 0.0022844685
9 533.33686 719.83361 339.87625020596846 -46.92350777142732 82145.597 79608.206 2537.3913 16.489031 0.0033905304
10 605.27936 701.35742 339.8597350114792 -46.92050527973333 82661.074 79349.332 3311.7418 16.199859 0.0034646107
11 877.16849 647.08904 339.79724228355605 -46.911884910386256 94796.217 79310.84 15485.376 14.525196 0.0031402493
12 206.85051 632.32101 339.9514143325325 -46.91033256266348 82183.152 80830.513 1352.6395 17.172045 0.0033906202
13 356.17239 612.75563 339.9171538445882 -46.90691105138291 95930.208 80071.852 15858.356 14.499355 0.0031179733
14 309.39604 508.50602 339.92806616081674 -46.89056608723827 83019.184 80768.033 2251.1504 16.618989 0.0033724545
15 520.62316 492.45651 339.879557510591 -46.887790942678855 81825.852 80380.226 1445.6259 17.09986 0.0035143676
16 220.38555 479.09409 339.94854866216434 -46.88609721995566 103016.22 80795.727 22220.491 14.133116 0.0029683369
17 251.39728 466.14452 339.94144960002023 -46.88399988687038 86102.114 81267.306 4834.8073 15.789052 0.0033782919
18 262.39225 450.3625 339.9389496824871 -46.881497984395594 83504.172 81244.918 2259.2533 16.615088 0.0034387217
19 428.60985 449.65425 339.90077411190816 -46.881165358066696 113572.43 80595.683 32976.75 13.70448 0.0027796322
20 486.60425 445.28623 339.88745346936054 -46.88043245731415 95767.481 80169.098 15598.383 14.517301 0.0031053947
21 642.52355 416.23827 339.8516499887558 -46.87584609883195 304418.91 81182.043 223236.86 11.628085 0.0014573336
22 434.56173 377.06375 339.89952022766477 -46.8698011684382 84465.639 80701.891 3763.748 16.060949 0.0034116446
23 520.62513 377.61333 339.87974095014977 -46.86984244260815 83289.123 80733.839 2555.2835 16.481402 0.003370816
24 762.28929 343.78321 339.8242122962528 -46.8646400769443 85090.455 80154.216 4936.2392 15.76651 0.0033801087
25 730.05633 320.33261 339.83166735820873 -46.860980412703654 89346.016 80364.624 8981.3916 15.116641 0.0032641304
26 497.75576 249.16721 339.8851945101856 -46.849846803513636 94448.875 80748.28 13700.595 14.658151 0.0031693928
27 914.9338 239.08823 339.7892403804789 -46.84867118476578 83033.656 79790.63 3243.0263 16.222624 0.0034549903
28 795.6078 237.2247 339.81671456325086 -46.84819607774725 83889.733 80109.141 3780.5916 16.056101 0.0034554413
29 703.9365 234.78666 339.8378113948275 -46.84771568569777 82252.571 80135.558 2117.0133 16.685691 0.0034837704
30 251.24652 228.16306 339.9418371149308 -46.84669268600296 85292.679 81777.466 3515.2123 16.135121 0.0033056728
31 449.41648 219.13145 339.89634604413504 -46.84518063119284 84174.71 81101.772 3072.9388 16.281115 0.0034379374
32 989.03 206.61249 339.77222596186016 -46.84383055751941 79921.066 79683.387 237.6791 19.060023 0.0035669836
33 776.78866 168.01049 339.8211530470637 -46.83749844653682 82570.98 79826.58 2744.4001 16.403881 0.0034811768
34 793.49579 154.64353 339.8173289721709 -46.83546609775758 83023.025 79770.316 3252.7092 16.219387 0.003458029
35 798.6121 147.84728 339.81616198525325 -46.83442859657389 83112.464 79745.278 3367.1857 16.181832 0.0034665337
36 231.9398 143.95138 339.9463856755389 -46.833574650860236 83643.067 82164.417 1478.6502 17.075336 0.0033411631
37 188.79889 127.36117 339.95630639868426 -46.83102506663734 86709.301 82694.35 4014.9505 15.990799 0.003363156
38 711.80899 122.07595 339.8361721151998 -46.83033087194162 83530.181 80259.032 3271.149 16.213249 0.0034634324
39 29.497611 33.633035 339.9929576288067 -46.816583688132546 90619.804 85907.531 4712.2722 15.816924 0.003317928
