Tablas/Vv0032w.ecsv
# %ECSV 0.9
# ---
# datatype:
# - {name: id, datatype: int64, format: '%.8g'}
# - {name: xcenter, unit: pix, datatype: float64, format: '%.8g'}
# - {name: ycenter, unit: pix, datatype: float64, format: '%.8g'}
# - {name: sky_center.ra, unit: deg, datatype: float64}
# - {name: sky_center.dec, unit: deg, datatype: float64}
# - {name: aperture_sum, datatype: float64, format: '%.8g'}
# - {name: aper_bkg, datatype: float64, format: '%.8g'}
# - {name: aper_sum_bkgsub, datatype: float64, format: '%.8g'}
# - {name: inst_mag, datatype: float64, format: '%.8g'}
# - {name: inst_mag_err, datatype: float64, format: '%.8g'}
# meta: !!omap
# - {name: Aperture photometry results}
# - {version: 'astropy: 3.2.3, photutils: 0.7.2'}
# - {aperture_photometry_args: 'method=''exact'', subpixels=5'}
# - {filename: Vv0032w.fits}
# - {mjd: 58756.068831}
# - __serialized_columns__:
#     sky_center:
#       __class__: astropy.coordinates.sky_coordinate.SkyCoord
#       dec: !astropy.table.SerializedColumn
#         __class__: astropy.coordinates.angles.Latitude
#         unit: &id001 !astropy.units.Unit {unit: deg}
#         value: !astropy.table.SerializedColumn {name: sky_center.dec}
#       equinox: !astropy.time.Time {format: jyear, in_subfmt: '*', jd1: 2451545.0, jd2: 0.0, out_subfmt: '*', precision: 3, scale: tt}
#       frame: fk5
#       ra: !astropy.table.SerializedColumn
#         __class__: astropy.coordinates.angles.Longitude
#         unit: *id001
#         value: !astropy.table.SerializedColumn {name: sky_center.ra}
#         wrap_angle: !astropy.coordinates.Angle
#           unit: *id001
#           value: 360.0
#       representation_type: spherical
#     xcenter:
#       __class__: astropy.units.quantity.Quantity
#       __info__: {format: '%.8g'}
#       unit: &id002 !astropy.units.Unit {unit: pix}
#       value: !astropy.table.SerializedColumn {name: xcenter}
#     ycenter:
#       __class__: astropy.units.quantity.Quantity
#       __info__: {format: '%.8g'}
#       unit: *id002
#       value: !astropy.table.SerializedColumn {name: ycenter}
# schema: astropy-2.0
id xcenter ycenter sky_center.ra sky_center.dec aperture_sum aper_bkg aper_sum_bkgsub inst_mag inst_mag_err
1 291.94239 933.66782 339.9309116332052 -46.958963466049454 84129.184 78752.367 5376.8173 15.673687 0.0033330828
2 99.743703 914.17165 339.97534729282194 -46.9560703554799 81810.311 81133.296 677.01498 17.923504 0.0034977287
3 833.8321 856.03513 339.8063180584164 -46.94610018595023 93071.675 77243.194 15828.48 14.501402 0.0031102005
4 973.38249 837.19092 339.7743848599585 -46.942926485111876 82352.247 78109.251 4242.996 15.930818 0.0034895519
5 320.33293 828.80366 339.9244439002668 -46.94245405519429 309015.73 79634.932 229380.8 11.598607 0.0014471705
6 382.73841 813.07982 339.91007312865753 -46.93991908672667 79987.463 78782.945 1204.518 17.297967 0.0035563466
7 139.0185 783.8245 339.96633241871183 -46.93555272663725 82091.668 80677.406 1414.2623 17.123675 0.0034755603
8 266.51381 738.10301 339.9369420881023 -46.928255637474635 147435.61 79275.633 68159.979 12.916176 0.0022715521
9 530.29317 709.66859 339.87625020596397 -46.92350777142691 80556.585 78383.063 2173.5228 16.65709 0.0034349225
10 602.31483 691.10999 339.8597350114747 -46.920505279732915 81233.832 78596.965 2636.867 16.447279 0.0035241222
11 875.43619 638.59744 339.79724228355155 -46.91188491038585 93840.059 78386.681 15453.378 14.527441 0.0031700116
12 204.26115 623.63148 339.95141433252803 -46.91033256266307 81188.673 79742.071 1446.602 17.099127 0.0034319203
13 353.11692 602.7468 339.9171538445837 -46.90691105138251 94770.816 79139.985 15630.831 14.515045 0.0030593582
14 306.34593 498.343 339.92806616081225 -46.89056608723786 82018.714 79811.855 2206.8587 16.640564 0.0034037643
15 517.61052 482.09957 339.8795575105865 -46.88779094267845 80446.965 79343.394 1103.5714 17.392999 0.0035454434
16 217.52467 469.34638 339.94854866215985 -46.886097219955246 102324.12 80081.333 22242.784 14.132027 0.0028945378
17 248.4491 456.16262 339.94144960001574 -46.883999886869965 84969.626 80292.03 4677.5956 15.824943 0.003393517
18 259.41726 440.28676 339.9389496824826 -46.88149798439518 82525.307 80300.853 2224.4542 16.631941 0.0033888164
19 425.52605 439.22816 339.9007741119037 -46.88116535806628 111529.71 79648.015 31881.69 13.741147 0.0027395898
20 483.59609 434.96625 339.88745346935605 -46.880432457313745 94262.74 79330.807 14931.933 14.56471 0.0031710382
21 640.05966 406.93451 339.8516499887513 -46.875846098831545 301749.28 80134.545 221614.74 11.636003 0.0014665856
22 431.58987 366.85085 339.8995202276603 -46.86980116843778 83120.078 79806.004 3314.0743 16.199094 0.0034606074
23 517.82551 367.72808 339.8797409501453 -46.86984244260774 82219.56 80120.806 2098.7544 16.695096 0.0033850069
24 760.77053 336.52543 339.82421229624833 -46.86464007694389 83799.189 79170.168 4629.0212 15.836277 0.0034298634
25 728.42331 312.91604 339.83166735820424 -46.86098041270324 88702.48 79256.838 9445.6424 15.061921 0.0033015241
26 495.2696 240.09686 339.8851945101811 -46.84984680351322 93362.842 79721.384 13641.458 14.662848 0.0030985561
27 915.28358 236.12772 339.7892403804744 -46.848671184765365 81545.074 78895.138 2649.9368 16.441911 0.0034130783
28 794.87528 231.98441 339.8167145632464 -46.848196077746856 82465.392 79046.752 3418.6398 16.165367 0.0034796557
29 702.53448 228.12297 339.837811394823 -46.847715685697366 80958.116 79247.684 1710.4324 16.917235 0.003514267
30 248.50661 218.384 339.94183711492633 -46.846692686002555 83359.478 81079.718 2279.759 16.605278 0.0033693185
31 446.89417 210.00259 339.89634604413055 -46.845180631192434 82324.878 79801.434 2523.4441 16.495016 0.0034552084
32 990.40576 205.99337 339.7722259618557 -46.843830557519006 78976.363 79081.937 -105.57382 nan 0.003602626
33 776.30972 163.59627 339.8211530470592 -46.83749844653641 81507.675 78901.611 2606.0642 16.460037 0.0035062127
34 793.24353 150.78277 339.8173289721664 -46.83546609775716 82282.324 78726.085 3556.2389 16.122523 0.0034828101
35 798.4487 144.21129 339.8161619852488 -46.83442859657349 82453.32 78795.666 3657.6537 16.091994 0.0034845448
36 229.41203 134.62383 339.94638567553443 -46.83357465085982 83069.902 81126.031 1943.871 16.778331 0.0033683304
37 186.34663 118.12534 339.95630639867977 -46.83102506663694 85805.1 81713.177 4091.9232 15.970181 0.0033744045
38 711.0966 117.31742 339.8361721151953 -46.8303308719412 81571.91 79119.018 2452.8918 16.525804 0.0034181818
39 27.600665 25.226184 339.99295762880223 -46.81658368813214 89477.781 53405.285 36072.496 13.60706 0.024558293
