Tablas/Vv0044w.ecsv
# %ECSV 0.9
# ---
# datatype:
# - {name: id, datatype: int64, format: '%.8g'}
# - {name: xcenter, unit: pix, datatype: float64, format: '%.8g'}
# - {name: ycenter, unit: pix, datatype: float64, format: '%.8g'}
# - {name: celestial_center.ra, unit: deg, datatype: float64}
# - {name: celestial_center.dec, unit: deg, datatype: float64}
# - {name: aperture_sum, datatype: float64, format: '%.8g'}
# - {name: aper_bkg, datatype: float64, format: '%.8g'}
# - {name: aper_sum_bkgsub, datatype: float64, format: '%.8g'}
# - {name: inst_mag, datatype: float64, format: '%.8g'}
# - {name: inst_mag_err, datatype: float64, format: '%.8g'}
# meta: !!omap
# - {name: Aperture photometry results}
# - {version: 'astropy: 3.2.3, photutils: 0.6'}
# - {aperture_photometry_args: 'method=''exact'', subpixels=5'}
# - {filename: Vv0044w.fits}
# - {mjd: 58756.08228}
# - __serialized_columns__:
#     celestial_center:
#       __class__: astropy.coordinates.sky_coordinate.SkyCoord
#       dec: !astropy.table.SerializedColumn
#         __class__: astropy.coordinates.angles.Latitude
#         unit: &id001 !astropy.units.Unit {unit: deg}
#         value: !astropy.table.SerializedColumn {name: celestial_center.dec}
#       equinox: !astropy.time.Time {format: jyear, in_subfmt: '*', jd1: 2451545.0, jd2: 0.0, out_subfmt: '*', precision: 3, scale: tt}
#       frame: fk5
#       ra: !astropy.table.SerializedColumn
#         __class__: astropy.coordinates.angles.Longitude
#         unit: *id001
#         value: !astropy.table.SerializedColumn {name: celestial_center.ra}
#         wrap_angle: !astropy.coordinates.Angle
#           unit: *id001
#           value: 360.0
#       representation_type: spherical
#     xcenter:
#       __class__: astropy.units.quantity.Quantity
#       __info__: {format: '%.8g'}
#       unit: &id002 !astropy.units.Unit {unit: pix}
#       value: !astropy.table.SerializedColumn {name: xcenter}
#     ycenter:
#       __class__: astropy.units.quantity.Quantity
#       __info__: {format: '%.8g'}
#       unit: *id002
#       value: !astropy.table.SerializedColumn {name: ycenter}
# schema: astropy-2.0
id xcenter ycenter celestial_center.ra celestial_center.dec aperture_sum aper_bkg aper_sum_bkgsub inst_mag inst_mag_err
1 292.00998 937.63218 339.9309116332097 -46.95896346604986 84200.3 78696.257 5504.0435 15.648295 0.0033389807
2 97.861193 918.40179 339.9753472928264 -46.95607035548032 82068.659 80836.401 1232.2582 17.273246 0.0033910486
3 832.53645 862.68589 339.8063180584209 -46.946100185950634 93442.867 77147.68 16295.188 14.469852 0.0031743234
4 970.05818 845.04672 339.774384859963 -46.94292648511229 82554.935 77649.436 4905.4988 15.773292 0.003585688
5 320.51496 833.63888 339.9244439002713 -46.9424540551947 307562.52 78832.141 228730.37 11.60169 0.0014507276
6 383.12989 818.11497 339.910073128662 -46.93991908672707 79461.682 78340.381 1121.3013 17.375694 0.0035683553
7 137.87645 788.97323 339.9663324187163 -46.93555272663767 81927.871 80664.642 1263.2289 17.246295 0.0035000802
8 266.37214 743.49468 339.9369420881068 -46.92825563747505 146148.82 79256.532 66892.289 12.93656 0.0023326818
9 530.28895 715.74916 339.87625020596846 -46.92350777142732 80371.957 78289.437 2082.5199 16.703527 0.0035458148
10 601.86812 697.57481 339.8597350114792 -46.92050527973333 81394.101 78171.708 3222.3927 16.229554 0.0034247417
11 871.6489 646.92827 339.79724228355605 -46.911884910386256 93079.812 78173.937 14905.874 14.566606 0.0031085705
12 203.78982 629.58187 339.9514143325325 -46.91033256266348 81611.524 79717.861 1893.6634 16.806743 0.0033101222
13 353.06664 608.88164 339.9171538445882 -46.90691105138291 94862.223 78892.396 15969.828 14.491749 0.0030545988
14 306.10134 504.72905 339.92806616081674 -46.89056608723827 81793.714 79761.545 2032.1689 16.7301 0.0034135683
15 516.65583 489.00712 339.879557510591 -46.887790942678855 80394.517 79181.413 1213.1032 17.290256 0.0035519166
16 217.11872 475.73618 339.94854866216434 -46.88609721995566 102251.57 79745.316 22506.25 14.119242 0.0029082355
17 248.1037 462.58106 339.94144960002023 -46.88399988687038 84920.308 79868.048 5052.2596 15.741286 0.0033927907
18 259.07299 446.73227 339.9389496824871 -46.881497984395594 82039.935 79862.238 2177.6971 16.655006 0.0035089046
19 424.90128 445.93138 339.90077411190816 -46.881165358066696 111018.45 79138.852 31879.598 13.741218 0.0027389334
20 482.64975 441.8393 339.88745346936054 -46.88043245731415 93350.65 79078.403 14272.246 14.613769 0.0031692647
21 637.5759 414.47244 339.8516499887558 -46.87584609883195 355952.69 79814.779 276137.91 11.397185 0.0013461352
22 430.6819 373.62454 339.89952022766477 -46.8698011684382 82894.977 79619.779 3275.1982 16.211906 0.00338138
23 516.32459 374.76903 339.87974095014977 -46.86984244260815 82024.841 79674.784 2350.057 16.572304 0.0034818711
24 756.07997 344.7723 339.8242122962528 -46.8646400769443 83146.869 79219.754 3927.1149 16.014816 0.0034584976
25 724.05195 320.95803 339.83166735820873 -46.860980412703654 87384.042 78831.159 8552.8834 15.169719 0.0033221822
26 493.3467 246.96299 339.8851945101856 -46.849846803513636 92709.245 79309.793 13399.451 14.682282 0.0031226321
27 906.6285 245.39896 339.7892403804789 -46.84867118476578 81503.881 78830.298 2673.5836 16.432266 0.0035170574
28 788.66014 240.35985 339.81671456325086 -46.84819607774725 83461.707 79026.023 4435.6843 15.882598 0.0034541956
29 697.89479 235.91614 339.8378113948275 -46.84771568569777 81240.36 79265.732 1974.6277 16.761287 0.0034997183
30 247.92897 224.70782 339.9418371149308 -46.84669268600296 83439.012 80622.353 2816.6592 16.375664 0.00336943
31 445.26558 216.6554 339.89634604413504 -46.84518063119284 82610.387 79604.356 3006.0317 16.305016 0.0033860405
32 979.61836 215.84431 339.77222596186016 -46.84383055751941 82002.413 78741.727 3260.686 16.216728 0.0035050893
33 769.82086 171.69353 339.8211530470637 -46.83749844653682 81514.95 78823.497 2691.453 16.425033 0.0034984071
34 786.30476 158.95567 339.8173289721709 -46.83546609775758 82283.106 78770.273 3512.833 16.135856 0.0034808535
35 791.34364 152.39946 339.81616198525325 -46.83442859657389 81856.879 78794.037 3062.8419 16.284689 0.0034867812
36 228.77805 140.69073 339.9463856755389 -46.833574650860236 82574.842 80841.87 1732.9721 16.903021 0.0033890174
37 185.78766 124.12136 339.95630639868426 -46.83102506663734 85333.959 81325.127 4008.8321 15.992455 0.0032917023
38 705.41646 124.86042 339.8361721151998 -46.83033087194162 82056.522 78867.667 3188.855 16.240913 0.0034103119
39 27.039234 30.933599 339.9929576288067 -46.816583688132546 89004.529 84585.337 4419.1912 15.886643 0.003351955
