Tablas/Vv0036w.ecsv
# %ECSV 0.9
# ---
# datatype:
# - {name: id, datatype: int64, format: '%.8g'}
# - {name: xcenter, unit: pix, datatype: float64, format: '%.8g'}
# - {name: ycenter, unit: pix, datatype: float64, format: '%.8g'}
# - {name: sky_center.ra, unit: deg, datatype: float64}
# - {name: sky_center.dec, unit: deg, datatype: float64}
# - {name: aperture_sum, datatype: float64, format: '%.8g'}
# - {name: aper_bkg, datatype: float64, format: '%.8g'}
# - {name: aper_sum_bkgsub, datatype: float64, format: '%.8g'}
# - {name: inst_mag, datatype: float64, format: '%.8g'}
# - {name: inst_mag_err, datatype: float64, format: '%.8g'}
# meta: !!omap
# - {name: Aperture photometry results}
# - {version: 'astropy: 3.2.3, photutils: 0.7.2'}
# - {aperture_photometry_args: 'method=''exact'', subpixels=5'}
# - {filename: Vv0036w.fits}
# - {mjd: 58756.07331}
# - __serialized_columns__:
#     sky_center:
#       __class__: astropy.coordinates.sky_coordinate.SkyCoord
#       dec: !astropy.table.SerializedColumn
#         __class__: astropy.coordinates.angles.Latitude
#         unit: &id001 !astropy.units.Unit {unit: deg}
#         value: !astropy.table.SerializedColumn {name: sky_center.dec}
#       equinox: !astropy.time.Time {format: jyear, in_subfmt: '*', jd1: 2451545.0, jd2: 0.0, out_subfmt: '*', precision: 3, scale: tt}
#       frame: fk5
#       ra: !astropy.table.SerializedColumn
#         __class__: astropy.coordinates.angles.Longitude
#         unit: *id001
#         value: !astropy.table.SerializedColumn {name: sky_center.ra}
#         wrap_angle: !astropy.coordinates.Angle
#           unit: *id001
#           value: 360.0
#       representation_type: spherical
#     xcenter:
#       __class__: astropy.units.quantity.Quantity
#       __info__: {format: '%.8g'}
#       unit: &id002 !astropy.units.Unit {unit: pix}
#       value: !astropy.table.SerializedColumn {name: xcenter}
#     ycenter:
#       __class__: astropy.units.quantity.Quantity
#       __info__: {format: '%.8g'}
#       unit: *id002
#       value: !astropy.table.SerializedColumn {name: ycenter}
# schema: astropy-2.0
id xcenter ycenter sky_center.ra sky_center.dec aperture_sum aper_bkg aper_sum_bkgsub inst_mag inst_mag_err
1 291.01924 936.28054 339.9309116332052 -46.958963466049454 85128.902 78850.17 6278.7327 15.50532 0.0033118582
2 98.725952 914.92653 339.97534729282194 -46.9560703554799 81724.746 81220.44 504.30604 18.243265 0.0034935431
3 831.64231 859.58606 339.8063180584164 -46.94610018595023 93000.998 77262.145 15738.853 14.507567 0.003113853
4 970.71182 839.77822 339.7743848599585 -46.942926485111876 82350.493 77709.569 4640.9234 15.833489 0.0034869925
5 318.84951 831.9302 339.9244439002668 -46.94245405519429 308902.05 79427.44 229474.61 11.598163 0.0014467329
6 381.15032 816.58837 339.91007312865753 -46.93991908672667 80014.304 78801.124 1213.1791 17.290188 0.0034560806
7 137.31205 785.62321 339.96633241871183 -46.93555272663725 82611.805 80737.24 1874.5649 16.817749 0.0033843145
8 264.64455 741.10358 339.9369420881023 -46.928255637474635 147290.79 79332.713 67958.075 12.919397 0.0022736136
9 528.20059 713.62798 339.87625020596397 -46.92350777142691 80830.072 78660.654 2169.4183 16.659142 0.0034530981
10 600.08846 695.01882 339.8597350114747 -46.920505279732915 81109.745 78435.968 2673.7765 16.432187 0.0035197284
11 872.62634 641.06411 339.79724228355155 -46.91188491038585 94169.508 78280.252 15889.256 14.497241 0.0031548835
12 201.95886 626.49289 339.95141433252803 -46.91033256266307 81298.647 79909.38 1389.2674 17.143035 0.0034158371
13 350.81101 606.38678 339.9171538445837 -46.90691105138251 95197.967 79134.063 16063.904 14.485372 0.003053249
14 303.80413 501.89426 339.92806616081225 -46.89056608723786 82317.225 80071.256 2245.9688 16.621491 0.003395392
15 515.08023 485.79536 339.8795575105865 -46.88779094267845 80514.598 79584.383 930.21511 17.578542 0.0035290883
16 214.86117 472.56678 339.94854866215985 -46.886097219955246 103934.12 80192.895 23741.226 14.061242 0.0028841125
17 245.79586 459.53403 339.94144960001574 -46.883999886869965 85172.963 80717.961 4455.0018 15.87788 0.0033772561
18 256.75254 443.71172 339.9389496824826 -46.88149798439518 82643.945 80286.515 2357.4302 16.568903 0.0033718986
19 422.9602 442.94303 339.9007741119037 -46.88116535806628 111676.63 79770.734 31905.901 13.740322 0.0028086186
20 481.03507 438.62917 339.88745346935605 -46.880432457313745 94200.851 79341.124 14859.727 14.569973 0.0031608511
21 637.45152 409.99397 339.8516499887513 -46.875846098831545 319114.61 80139.433 238975.18 11.554118 0.0014290208
22 428.99424 370.45888 339.8995202276603 -46.86980116843778 83458.5 80098.583 3359.9169 16.184179 0.0033623309
23 515.25253 371.1663 339.8797409501453 -46.86984244260774 82271.241 79758.615 2512.6262 16.49968 0.0034916374
24 758.13031 338.41471 339.82421229624833 -46.86464007694389 90169.916 79319.084 10850.832 14.911342 0.0031790493
25 725.83669 314.95384 339.83166735820424 -46.86098041270324 87772.127 79577.389 8194.7374 15.216162 0.0032400441
26 492.78339 243.23782 339.8851945101811 -46.84984680351322 93563.257 79859.045 13704.212 14.657865 0.0031701326
27 912.69607 235.63583 339.7892403804744 -46.848671184765365 82121.862 78821.993 3299.8689 16.203758 0.003402885
28 792.39956 232.91117 339.8167145632464 -46.848196077746856 82620.969 79284.747 3336.2218 16.191863 0.0034832878
29 700.10518 229.91866 339.837811394823 -46.847715685697366 81309.729 79339.481 1970.248 16.763698 0.0034275358
30 245.76659 221.77401 339.94183711492633 -46.846692686002555 84479.563 81243.036 3236.5276 16.224802 0.0033481947
31 444.4144 213.21835 339.89634604413055 -46.845180631192434 83289.292 80166.021 3123.2709 16.263476 0.003354488
32 987.82074 204.16643 339.7722259618557 -46.843830557519006 79273.269 78691.486 581.7823 18.088099 0.0034805655
33 774.02473 164.26558 339.8211530470592 -46.83749844653641 81959.545 79119.464 2840.0804 16.366673 0.0034113249
34 790.99258 151.17143 339.8173289721664 -46.83546609775716 81736.984 79073.162 2663.8218 16.436237 0.0034107338
35 796.21708 144.49218 339.8161619852488 -46.83442859657349 82251.113 78774.129 3476.9845 16.146993 0.0033952892
36 226.7303 137.91745 339.94638567553443 -46.83357465085982 82674.897 81199.474 1475.4226 17.077709 0.0034645189
37 183.59838 121.34513 339.95630639867977 -46.83102506663694 85791.508 81735.974 4055.5345 15.97988 0.0033623476
38 708.96015 118.36695 339.8361721151953 -46.8303308719412 82258.83 79067.36 3191.4694 16.240023 0.0033828866
39 24.581194 27.948904 339.99295762880223 -46.81658368813214 89142.26 52868.03 36274.23 13.601005 0.024694664
