Tablas/Vv0039w.ecsv
# %ECSV 0.9
# ---
# datatype:
# - {name: id, datatype: int64, format: '%.8g'}
# - {name: xcenter, unit: pix, datatype: float64, format: '%.8g'}
# - {name: ycenter, unit: pix, datatype: float64, format: '%.8g'}
# - {name: celestial_center.ra, unit: deg, datatype: float64}
# - {name: celestial_center.dec, unit: deg, datatype: float64}
# - {name: aperture_sum, datatype: float64, format: '%.8g'}
# - {name: aper_bkg, datatype: float64, format: '%.8g'}
# - {name: aper_sum_bkgsub, datatype: float64, format: '%.8g'}
# - {name: inst_mag, datatype: float64, format: '%.8g'}
# - {name: inst_mag_err, datatype: float64, format: '%.8g'}
# meta: !!omap
# - {name: Aperture photometry results}
# - {version: 'astropy: 3.2.3, photutils: 0.6'}
# - {aperture_photometry_args: 'method=''exact'', subpixels=5'}
# - {filename: Vv0039w.fits}
# - {mjd: 58756.076678}
# - __serialized_columns__:
#     celestial_center:
#       __class__: astropy.coordinates.sky_coordinate.SkyCoord
#       dec: !astropy.table.SerializedColumn
#         __class__: astropy.coordinates.angles.Latitude
#         unit: &id001 !astropy.units.Unit {unit: deg}
#         value: !astropy.table.SerializedColumn {name: celestial_center.dec}
#       equinox: !astropy.time.Time {format: jyear, in_subfmt: '*', jd1: 2451545.0, jd2: 0.0, out_subfmt: '*', precision: 3, scale: tt}
#       frame: fk5
#       ra: !astropy.table.SerializedColumn
#         __class__: astropy.coordinates.angles.Longitude
#         unit: *id001
#         value: !astropy.table.SerializedColumn {name: celestial_center.ra}
#         wrap_angle: !astropy.coordinates.Angle
#           unit: *id001
#           value: 360.0
#       representation_type: spherical
#     xcenter:
#       __class__: astropy.units.quantity.Quantity
#       __info__: {format: '%.8g'}
#       unit: &id002 !astropy.units.Unit {unit: pix}
#       value: !astropy.table.SerializedColumn {name: xcenter}
#     ycenter:
#       __class__: astropy.units.quantity.Quantity
#       __info__: {format: '%.8g'}
#       unit: *id002
#       value: !astropy.table.SerializedColumn {name: ycenter}
# schema: astropy-2.0
id xcenter ycenter celestial_center.ra celestial_center.dec aperture_sum aper_bkg aper_sum_bkgsub inst_mag inst_mag_err
1 286.93749 939.51968 339.9309116332097 -46.95896346604986 84300.749 79070.288 5230.4605 15.70365 0.0033251545
2 91.151047 924.02016 339.9753472928264 -46.95607035548032 82013.484 81588.598 424.88547 18.42932 0.0033943718
3 829.99359 860.62646 339.8063180584209 -46.946100185950634 93830.448 77246.735 16583.712 14.450796 0.0031628
4 967.46658 843.92908 339.774384859963 -46.94292648511229 82518.712 77725.166 4793.5462 15.798358 0.0034725853
5 316.34246 833.92959 339.9244439002713 -46.9424540551947 308530.07 79545.627 228984.44 11.600485 0.0014646353
6 379.44027 817.48593 339.910073128662 -46.93991908672707 79833.524 78770.457 1063.067 17.433598 0.0034703474
7 132.53044 791.8087 339.9663324187163 -46.93555272663767 82699.469 80751.828 1947.6409 16.776228 0.0034650943
8 262.32648 743.67847 339.9369420881068 -46.92825563747505 146784.68 79324.424 67460.254 12.92738 0.0023250969
9 527.70197 713.48345 339.87625020596846 -46.92350777142732 80164.948 78250.116 1914.8326 16.794673 0.003443196
10 599.52762 695.12618 339.8597350114792 -46.92050527973333 81363.803 78659.007 2704.7957 16.419664 0.003321981
11 869.47718 645.86552 339.79724228355605 -46.911884910386256 93313.912 78177.652 15136.261 14.549953 0.0031746721
12 199.83608 629.62267 339.9514143325325 -46.91033256266348 81601.485 79690.905 1910.5799 16.797087 0.0034995436
13 350.08919 607.20687 339.9171538445882 -46.90691105138291 94797.258 78888.04 15909.218 14.495878 0.0030560547
14 303.15686 502.96711 339.92806616081674 -46.89056608723827 82456.554 80106.853 2349.7017 16.572468 0.0033928133
15 514.47198 486.58015 339.879557510591 -46.887790942678855 80752.067 79368.92 1383.1464 17.14783 0.0035262186
16 213.75006 474.59161 339.94854866216434 -46.88609721995566 102782.29 80051.208 22731.084 14.10845 0.0029017445
17 244.94064 461.0989 339.94144960002023 -46.88399988687038 84812.676 80618.857 4193.8189 15.943476 0.0034043713
18 255.99738 445.10315 339.9389496824871 -46.881497984395594 82441.363 80358.763 2082.5994 16.703486 0.0033870381
19 422.51172 443.55989 339.90077411190816 -46.881165358066696 111830.08 79359.087 32470.992 13.721261 0.0027961895
20 480.41484 439.4482 339.88745346936054 -46.88043245731415 93821.436 79309.602 14511.834 14.595694 0.0031614976
21 635.51799 412.74768 339.8516499887558 -46.87584609883195 332100.96 79856.91 252244.05 11.495448 0.001401801
22 428.32655 371.3101 339.89952022766477 -46.8698011684382 83271.801 79599.812 3671.9896 16.087746 0.0033755292
23 514.14033 372.60688 339.87974095014977 -46.86984244260815 82380.282 79701.315 2678.9665 16.430082 0.0035005278
24 753.8203 344.67396 339.8242122962528 -46.8646400769443 83727.144 79590.1 4137.0445 15.958275 0.0034123455
25 721.78619 320.68856 339.83166735820873 -46.860980412703654 87896.91 79294.671 8602.2395 15.163471 0.0033112683
26 490.96512 245.2624 339.8851945101856 -46.849846803513636 92993.388 79778.324 13215.065 14.697327 0.0032078929
27 903.62388 248.84109 339.7892403804789 -46.84867118476578 79386.811 79168.467 218.34395 19.152147 0.0035798913
28 786.02252 241.79893 339.81671456325086 -46.84819607774725 82775.693 79211.465 3564.228 16.120086 0.0033909116
29 695.43023 236.12474 339.8378113948275 -46.84771568569777 81088.766 79347.406 1741.3601 16.897779 0.0035360847
30 244.89111 222.79844 339.9418371149308 -46.84669268600296 83639.449 80858.724 2780.7249 16.389605 0.0034414651
31 442.76228 214.88356 339.89634604413504 -46.84518063119284 82937.682 79800.745 3136.9366 16.258736 0.0033810234
32 976.15738 221.26338 339.77222596186016 -46.84383055751941 83225.565 78863.091 4362.4742 15.900668 0.0034790827
33 766.96238 173.66458 339.8211530470637 -46.83749844653682 82104.373 79095.039 3009.3331 16.303824 0.0034925407
34 783.34334 161.36723 339.8173289721709 -46.83546609775758 82664.724 78795.185 3869.5395 16.030852 0.0034631868
35 788.33713 154.98541 339.81616198525325 -46.83442859657389 81732.208 78836.045 2896.1628 16.345443 0.0034921922
36 225.55552 138.92112 339.9463856755389 -46.833574650860236 82948.752 81221.144 1727.6077 16.906387 0.0034669238
37 182.36116 122.48286 339.95630639868426 -46.83102506663734 85205.359 81668.047 3537.3124 16.128316 0.0033124842
38 702.51174 126.39426 339.8361721151998 -46.83033087194162 81980.103 79292.379 2687.7236 16.426538 0.0034970818
39 22.636237 30.11186 339.9929576288067 -46.816583688132546 89607.584 53183.084 36424.5 13.596516 0.02433862
