Tablas/Vv0015w.ecsv
# %ECSV 0.9
# ---
# datatype:
# - {name: id, datatype: int64, format: '%.8g'}
# - {name: xcenter, unit: pix, datatype: float64, format: '%.8g'}
# - {name: ycenter, unit: pix, datatype: float64, format: '%.8g'}
# - {name: sky_center.ra, unit: deg, datatype: float64}
# - {name: sky_center.dec, unit: deg, datatype: float64}
# - {name: aperture_sum, datatype: float64, format: '%.8g'}
# - {name: aper_bkg, datatype: float64, format: '%.8g'}
# - {name: aper_sum_bkgsub, datatype: float64, format: '%.8g'}
# - {name: inst_mag, datatype: float64, format: '%.8g'}
# - {name: inst_mag_err, datatype: float64, format: '%.8g'}
# meta: !!omap
# - {name: Aperture photometry results}
# - {version: 'astropy: 3.2.3, photutils: 0.7.2'}
# - {aperture_photometry_args: 'method=''exact'', subpixels=5'}
# - {filename: Vv0015w.fits}
# - {mjd: 58756.049769}
# - __serialized_columns__:
#     sky_center:
#       __class__: astropy.coordinates.sky_coordinate.SkyCoord
#       dec: !astropy.table.SerializedColumn
#         __class__: astropy.coordinates.angles.Latitude
#         unit: &id001 !astropy.units.Unit {unit: deg}
#         value: !astropy.table.SerializedColumn {name: sky_center.dec}
#       equinox: !astropy.time.Time {format: jyear, in_subfmt: '*', jd1: 2451545.0, jd2: 0.0, out_subfmt: '*', precision: 3, scale: tt}
#       frame: fk5
#       ra: !astropy.table.SerializedColumn
#         __class__: astropy.coordinates.angles.Longitude
#         unit: *id001
#         value: !astropy.table.SerializedColumn {name: sky_center.ra}
#         wrap_angle: !astropy.coordinates.Angle
#           unit: *id001
#           value: 360.0
#       representation_type: spherical
#     xcenter:
#       __class__: astropy.units.quantity.Quantity
#       __info__: {format: '%.8g'}
#       unit: &id002 !astropy.units.Unit {unit: pix}
#       value: !astropy.table.SerializedColumn {name: xcenter}
#     ycenter:
#       __class__: astropy.units.quantity.Quantity
#       __info__: {format: '%.8g'}
#       unit: *id002
#       value: !astropy.table.SerializedColumn {name: ycenter}
# schema: astropy-2.0
id xcenter ycenter sky_center.ra sky_center.dec aperture_sum aper_bkg aper_sum_bkgsub inst_mag inst_mag_err
1 291.23649 935.47217 339.9309116332052 -46.958963466049454 86282.777 80742.033 5540.7438 15.64108 0.0033713911
2 99.323269 914.98146 339.97534729282194 -46.9560703554799 83801.107 83053.799 747.3082 17.816251 0.0033553052
3 832.17243 858.92001 339.8063180584164 -46.94610018595023 94939.62 78861.369 16078.252 14.484403 0.0030737098
4 971.50509 839.8105 339.7743848599585 -46.942926485111876 84912.924 80077.981 4834.9432 15.789022 0.0034026051
5 319.41901 830.95416 339.9244439002668 -46.94245405519429 310816.89 81261.523 229555.37 11.597781 0.0014424004
6 381.7075 815.45863 339.91007312865753 -46.93991908672667 81800.58 80665.484 1135.0965 17.362418 0.0034155917
7 138.30038 785.30576 339.96633241871183 -46.93555272663725 84600.462 82611.124 1989.3376 16.753229 0.0034068488
8 265.53714 740.21896 339.9369420881023 -46.928255637474635 148613.82 81222.094 67391.728 12.928484 0.0022571952
9 528.92005 712.35104 339.87625020596397 -46.92350777142691 82602.045 80320.78 2281.2651 16.604561 0.0033816789
10 600.82735 693.8019 339.8597350114747 -46.920505279732915 83420.832 80564.242 2856.5893 16.36038 0.0033848411
11 873.57295 640.74953 339.79724228355155 -46.91188491038585 95516.469 80147.919 15368.549 14.533418 0.00313941
12 203.18033 625.72693 339.95141433252803 -46.91033256266307 83387.6 81709.592 1678.0084 16.938015 0.0034482996
13 351.82522 605.20082 339.9171538445837 -46.90691105138251 96934.336 80818.004 16116.332 14.481834 0.0030194943
14 304.95415 500.74149 339.92806616081225 -46.89056608723786 84137.347 81732.69 2404.6566 16.547367 0.0033336093
15 515.98722 484.50243 339.8795575105865 -46.88779094267845 82490.5 81317.838 1172.6622 17.327068 0.0034750358
16 216.17773 471.62604 339.94854866215985 -46.886097219955246 103876.91 81711.918 22164.995 14.135831 0.0029457981
17 247.05107 458.49306 339.94144960001574 -46.883999886869965 86479.074 81829.088 4649.9859 15.831371 0.0033586112
18 257.98425 442.63148 339.9389496824826 -46.88149798439518 84310.482 81760.673 2549.8084 16.483731 0.0034257431
19 423.93741 441.62558 339.9007741119037 -46.88116535806628 114196.28 81202.803 32993.478 13.70393 0.0027591073
20 481.94962 437.31486 339.88745346935605 -46.880432457313745 96726.951 81122.983 15603.967 14.516912 0.0030917932
21 638.24919 408.92394 339.8516499887513 -46.875846098831545 304664.24 81781.938 222882.3 11.629811 0.0014729948
22 429.9047 369.12816 339.8995202276603 -46.86980116843778 85320.28 81620.953 3699.3267 16.079693 0.0033869628
23 516.07314 369.88042 339.8797409501453 -46.86984244260774 84230.471 81609.137 2621.334 16.453694 0.0034263349
24 758.81229 337.81062 339.82421229624833 -46.86464007694389 85539.657 81176.478 4363.1794 15.900492 0.0033913417
25 726.46927 314.23111 339.83166735820424 -46.86098041270324 90413.449 81228.7 9184.7484 15.092332 0.0032365959
26 493.39101 241.94174 339.8851945101811 -46.84984680351322 94911.149 81790.693 13120.456 14.705128 0.0031374119
27 913.18152 236.00209 339.7892403804744 -46.848671184765365 83559.848 80728.708 2831.14 16.370097 0.0034595472
28 792.82844 232.56397 339.8167145632464 -46.848196077746856 84487.139 81142.583 3344.5558 16.189154 0.0034272251
29 700.53123 229.1544 339.837811394823 -46.847715685697366 83708.945 81157.55 2551.3949 16.483056 0.0034485866
30 246.74573 220.58826 339.94183711492633 -46.846692686002555 86068.436 82834.509 3233.927 16.225674 0.0033972737
31 445.00844 211.88283 339.89634604413055 -46.845180631192434 85042.937 81746.676 3296.2606 16.204946 0.0033978112
32 988.26184 205.12617 339.7722259618557 -46.843830557519006 82308.916 80617.226 1691.6902 16.929198 0.003471757
33 774.22908 163.89082 339.8211530470592 -46.83749844653641 83603.366 80772.718 2830.6483 16.370285 0.0034497412
34 791.14901 150.89865 339.8173289721664 -46.83546609775716 83853.741 80755.01 3098.7317 16.27204 0.003443656
35 796.34858 144.25463 339.8161619852488 -46.83442859657349 83921.077 80769.112 3151.9649 16.253547 0.003435516
36 227.5357 136.7275 339.94638567553443 -46.83357465085982 84548.027 83091.479 1456.5471 17.091689 0.003429492
37 184.46486 120.24726 339.95630639867977 -46.83102506663694 87416.036 83257.68 4158.356 15.952696 0.0032505531
38 709.00817 117.72551 339.8361721151953 -46.8303308719412 83467.937 81115.573 2352.365 16.571238 0.0034306569
39 25.62563 27.338636 339.99295762880223 -46.81658368813214 91276.155 54750.236 36525.92 13.593497 0.024535786
