Tablas/Vv0043w.ecsv
# %ECSV 0.9
# ---
# datatype:
# - {name: id, datatype: int64, format: '%.8g'}
# - {name: xcenter, unit: pix, datatype: float64, format: '%.8g'}
# - {name: ycenter, unit: pix, datatype: float64, format: '%.8g'}
# - {name: sky_center.ra, unit: deg, datatype: float64}
# - {name: sky_center.dec, unit: deg, datatype: float64}
# - {name: aperture_sum, datatype: float64, format: '%.8g'}
# - {name: aper_bkg, datatype: float64, format: '%.8g'}
# - {name: aper_sum_bkgsub, datatype: float64, format: '%.8g'}
# - {name: inst_mag, datatype: float64, format: '%.8g'}
# - {name: inst_mag_err, datatype: float64, format: '%.8g'}
# meta: !!omap
# - {name: Aperture photometry results}
# - {version: 'astropy: 3.2.3, photutils: 0.7.2'}
# - {aperture_photometry_args: 'method=''exact'', subpixels=5'}
# - {filename: Vv0043w.fits}
# - {mjd: 58756.081157}
# - __serialized_columns__:
#     sky_center:
#       __class__: astropy.coordinates.sky_coordinate.SkyCoord
#       dec: !astropy.table.SerializedColumn
#         __class__: astropy.coordinates.angles.Latitude
#         unit: &id001 !astropy.units.Unit {unit: deg}
#         value: !astropy.table.SerializedColumn {name: sky_center.dec}
#       equinox: !astropy.time.Time {format: jyear, in_subfmt: '*', jd1: 2451545.0, jd2: 0.0, out_subfmt: '*', precision: 3, scale: tt}
#       frame: fk5
#       ra: !astropy.table.SerializedColumn
#         __class__: astropy.coordinates.angles.Longitude
#         unit: *id001
#         value: !astropy.table.SerializedColumn {name: sky_center.ra}
#         wrap_angle: !astropy.coordinates.Angle
#           unit: *id001
#           value: 360.0
#       representation_type: spherical
#     xcenter:
#       __class__: astropy.units.quantity.Quantity
#       __info__: {format: '%.8g'}
#       unit: &id002 !astropy.units.Unit {unit: pix}
#       value: !astropy.table.SerializedColumn {name: xcenter}
#     ycenter:
#       __class__: astropy.units.quantity.Quantity
#       __info__: {format: '%.8g'}
#       unit: *id002
#       value: !astropy.table.SerializedColumn {name: ycenter}
# schema: astropy-2.0
id xcenter ycenter sky_center.ra sky_center.dec aperture_sum aper_bkg aper_sum_bkgsub inst_mag inst_mag_err
1 292.71256 937.70385 339.9309116332052 -46.958963466049454 84811.579 79294.415 5517.1644 15.64571 0.0033021279
2 100.18927 915.94877 339.97534729282194 -46.9560703554799 82701.913 81319.6 1382.3128 17.148484 0.0033650874
3 834.65839 862.14998 339.8063180584164 -46.94610018595023 93323.269 77762.258 15561.011 14.519905 0.00318188
4 973.98455 842.41776 339.7743848599585 -46.942926485111876 82997.411 78253.888 4743.5227 15.809748 0.0034714565
5 321.19044 833.94393 339.9244439002668 -46.94245405519429 308768.1 79740.116 229027.98 11.600279 0.0014493038
6 383.65239 818.77799 339.91007312865753 -46.93991908672667 80219.896 79093.248 1126.6477 17.37053 0.0034454335
7 139.6544 787.47862 339.96633241871183 -46.93555272663725 82242.486 81149.347 1093.1395 17.403311 0.0034767578
8 267.34062 743.39336 339.9369420881023 -46.928255637474635 147256.61 79758.146 67498.461 12.926765 0.0023301642
9 531.22337 716.3025 339.87625020596397 -46.92350777142691 81071.554 78781.552 2290.0025 16.60041 0.0035153099
10 603.20661 697.7666 339.8597350114747 -46.920505279732915 81817.601 79160.217 2657.3847 16.438864 0.0035010695
11 875.94257 643.80269 339.79724228355155 -46.91188491038585 93859.468 78628.882 15230.586 14.543208 0.0030956297
12 205.03765 629.07289 339.95141433252803 -46.91033256266307 81605.188 80172.368 1432.8203 17.109521 0.0034320007
13 353.98744 609.15225 339.9171538445837 -46.90691105138251 95350.129 79675.437 15674.692 14.512002 0.0030568963
14 307.1522 504.78733 339.92806616081225 -46.89056608723786 82491.317 80056.538 2434.7796 16.533851 0.0034694612
15 518.35877 488.67582 339.8795575105865 -46.88779094267845 80780.014 79791.544 988.47062 17.512591 0.0035232489
16 218.27902 475.46348 339.94854866215985 -46.886097219955246 102863.11 80271.9 22591.206 14.115151 0.0029651042
17 249.21207 462.45238 339.94144960001574 -46.883999886869965 85244.273 80684.944 4559.3294 15.852748 0.0033848571
18 260.17487 446.64317 339.9389496824826 -46.88149798439518 82345.564 80763.387 1582.1773 17.001862 0.0033796389
19 426.27743 445.85016 339.9007741119037 -46.88116535806628 111910.79 79825.055 32085.736 13.73422 0.00272687
20 484.31276 441.50642 339.88745346935605 -46.880432457313745 94328.873 79701.047 14627.826 14.587051 0.0030693521
21 640.57912 412.70081 339.8516499887513 -46.875846098831545 351858.25 80290.464 271567.79 11.415304 0.0013518343
22 432.25647 373.31504 339.8995202276603 -46.86980116843778 83329.255 80155.341 3173.9138 16.246012 0.0034477949
23 518.42716 373.94561 339.8797409501453 -46.86984244260774 82398.127 80162.913 2235.2143 16.626702 0.0033929671
24 760.95333 340.76399 339.82421229624833 -46.86464007694389 84156.985 79812.929 4344.0562 15.905261 0.0034400555
25 728.62195 317.29137 339.83166735820424 -46.86098041270324 88514.866 79734.251 8780.615 15.141188 0.0032104184
26 495.69288 245.77575 339.8851945101811 -46.84984680351322 93472.437 80288.309 13184.128 14.699871 0.0031748868
27 914.84289 237.20075 339.7892403804744 -46.848671184765365 82281.713 79185.069 3096.6436 16.272772 0.0034805836
28 794.74569 234.78952 339.8167145632464 -46.848196077746856 83162.787 79301.237 3861.5504 16.033096 0.0034437965
29 702.60245 232.00737 339.837811394823 -46.847715685697366 81635.718 79619.793 2015.9254 16.738814 0.0035091897
30 249.05921 224.5894 339.94183711492633 -46.846692686002555 83813.626 81054.418 2759.2088 16.398039 0.0034301974
31 447.31826 215.75136 339.89634604413055 -46.845180631192434 83305.81 80317.949 2987.8612 16.311599 0.0034503469
32 989.64672 205.33238 339.7722259618557 -46.843830557519006 79464.98 79092.378 372.60249 18.571886 0.0035661674
33 776.05463 165.86991 339.8211530470592 -46.83749844653641 82218.245 79144.665 3073.5806 16.280888 0.0034102882
34 792.9118 152.65922 339.8173289721664 -46.83546609775716 82408.693 79186.436 3222.2573 16.229599 0.003478532
35 798.08586 145.92895 339.8161619852488 -46.83442859657349 82242.491 79143.565 3098.926 16.271972 0.0034798637
36 229.85955 140.57932 339.94638567553443 -46.83357465085982 83603.333 81271.224 2332.1086 16.580628 0.0033564139
37 186.78021 124.02517 339.95630639867977 -46.83102506663694 85799.753 81786.259 4013.4934 15.991194 0.0032931661
38 710.88073 119.92304 339.8361721151953 -46.8303308719412 82169 79701.26 2467.74 16.519251 0.003489492
39 27.899778 30.608431 339.99295762880223 -46.81658368813214 89782.73 85154.307 4628.4225 15.836418 0.0033197772
