Tablas/Vv0041w.ecsv
# %ECSV 0.9
# ---
# datatype:
# - {name: id, datatype: int64, format: '%.8g'}
# - {name: xcenter, unit: pix, datatype: float64, format: '%.8g'}
# - {name: ycenter, unit: pix, datatype: float64, format: '%.8g'}
# - {name: sky_center.ra, unit: deg, datatype: float64}
# - {name: sky_center.dec, unit: deg, datatype: float64}
# - {name: aperture_sum, datatype: float64, format: '%.8g'}
# - {name: aper_bkg, datatype: float64, format: '%.8g'}
# - {name: aper_sum_bkgsub, datatype: float64, format: '%.8g'}
# - {name: inst_mag, datatype: float64, format: '%.8g'}
# - {name: inst_mag_err, datatype: float64, format: '%.8g'}
# meta: !!omap
# - {name: Aperture photometry results}
# - {version: 'astropy: 3.2.3, photutils: 0.7.2'}
# - {aperture_photometry_args: 'method=''exact'', subpixels=5'}
# - {filename: Vv0041w.fits}
# - {mjd: 58756.078924}
# - __serialized_columns__:
#     sky_center:
#       __class__: astropy.coordinates.sky_coordinate.SkyCoord
#       dec: !astropy.table.SerializedColumn
#         __class__: astropy.coordinates.angles.Latitude
#         unit: &id001 !astropy.units.Unit {unit: deg}
#         value: !astropy.table.SerializedColumn {name: sky_center.dec}
#       equinox: !astropy.time.Time {format: jyear, in_subfmt: '*', jd1: 2451545.0, jd2: 0.0, out_subfmt: '*', precision: 3, scale: tt}
#       frame: fk5
#       ra: !astropy.table.SerializedColumn
#         __class__: astropy.coordinates.angles.Longitude
#         unit: *id001
#         value: !astropy.table.SerializedColumn {name: sky_center.ra}
#         wrap_angle: !astropy.coordinates.Angle
#           unit: *id001
#           value: 360.0
#       representation_type: spherical
#     xcenter:
#       __class__: astropy.units.quantity.Quantity
#       __info__: {format: '%.8g'}
#       unit: &id002 !astropy.units.Unit {unit: pix}
#       value: !astropy.table.SerializedColumn {name: xcenter}
#     ycenter:
#       __class__: astropy.units.quantity.Quantity
#       __info__: {format: '%.8g'}
#       unit: *id002
#       value: !astropy.table.SerializedColumn {name: ycenter}
# schema: astropy-2.0
id xcenter ycenter sky_center.ra sky_center.dec aperture_sum aper_bkg aper_sum_bkgsub inst_mag inst_mag_err
1 292.87086 938.073 339.9309116332052 -46.958963466049454 84660.245 79125.352 5534.8924 15.642227 0.0033037026
2 98.132395 918.40897 339.97534729282194 -46.9560703554799 81986.927 81170.117 816.8102 17.719697 0.0033968595
3 833.59905 863.5402 339.8063180584164 -46.94610018595023 93044.209 77313.972 15730.237 14.508162 0.0031877408
4 970.783 845.77948 339.7743848599585 -46.942926485111876 82963.465 78094.968 4868.4968 15.781513 0.0034664467
5 321.57781 834.19755 339.9244439002668 -46.94245405519429 309196.25 79618.517 229577.73 11.597676 0.0014626513
6 384.3179 818.77065 339.91007312865753 -46.93991908672667 80178.293 78762.555 1415.7384 17.122542 0.0034525008
7 138.50761 789.21887 339.96633241871183 -46.93555272663725 82217.117 80828.357 1388.7601 17.143432 0.0033884857
8 267.41656 744.01773 339.9369420881023 -46.928255637474635 147226.3 79765.87 67460.434 12.927377 0.0023263287
9 531.6594 716.5416 339.87625020596397 -46.92350777142691 80999.968 78685.354 2314.6144 16.588803 0.0035236567
10 603.22915 698.38044 339.8597350114747 -46.920505279732915 81519.979 78655.601 2864.3781 16.357424 0.0035014848
11 872.57326 647.54701 339.79724228355155 -46.91188491038585 93993.195 78246.738 15746.457 14.507043 0.0031650333
12 204.78795 630.07263 339.95141433252803 -46.91033256266307 81222.246 80123.385 1098.8613 17.397643 0.0034311847
13 354.35581 609.55979 339.9171538445837 -46.90691105138251 95002.091 79268.996 15733.095 14.507965 0.0031379758
14 307.35879 505.38427 339.92806616081225 -46.89056608723786 82193.087 80124.735 2068.3515 16.710939 0.0034198793
15 518.03124 489.73201 339.8795575105865 -46.88779094267845 80653.466 79531.188 1122.2776 17.374749 0.0035404285
16 218.23007 476.31495 339.94854866215985 -46.886097219955246 102777.85 80151.859 22625.988 14.113481 0.0028868911
17 249.27724 463.19473 339.94144960001574 -46.883999886869965 85015.282 80593.398 4421.8843 15.885982 0.0033881917
18 260.26771 447.35905 339.9389496824826 -46.88149798439518 82662.532 80305.298 2357.2344 16.568993 0.0033786951
19 426.26141 446.64022 339.9007741119037 -46.88116535806628 112094.3 79780.082 32314.214 13.726516 0.0027237661
20 484.01567 442.54843 339.88745346935605 -46.880432457313745 94072.009 79588.032 14483.976 14.59778 0.0030839834
21 638.81262 415.09397 339.8516499887513 -46.875846098831545 343862.85 80209.347 263653.5 11.447416 0.0013685575
22 432.01825 374.31219 339.8995202276603 -46.86980116843778 91029.346 80045.78 10983.567 14.898142 0.0031636925
23 517.64634 375.43688 339.8797409501453 -46.86984244260774 82288.711 80113.358 2175.353 16.656176 0.0034901001
24 757.02408 345.18351 339.82421229624833 -46.86464007694389 84227.911 79321.905 4906.0061 15.77318 0.0033348895
25 725.04081 321.38686 339.83166735820424 -46.86098041270324 87967.457 79314.398 8653.0593 15.157076 0.0033169526
26 494.57878 247.56216 339.8851945101811 -46.84984680351322 93616.625 80074.372 13542.252 14.670773 0.0031028607
27 906.95859 245.36423 339.7892403804744 -46.848671184765365 82046.843 79096.355 2950.4878 16.325265 0.0035016537
28 789.37151 240.57207 339.8167145632464 -46.848196077746856 82915 79293.506 3621.4941 16.102781 0.003389027
29 698.82872 236.2795 339.837811394823 -46.847715685697366 81463.801 79637.125 1826.6762 16.845846 0.0034257629
30 249.06359 225.34188 339.94183711492633 -46.846692686002555 83806.594 80805.507 3001.0869 16.306804 0.0033570315
31 446.48994 217.26366 339.89634604413055 -46.845180631192434 83301.414 80216.448 3084.966 16.276874 0.003447641
32 979.59602 215.56265 339.7722259618557 -46.843830557519006 82468.266 79147.235 3321.0313 16.196818 0.0034835116
33 770.47147 171.83908 339.8211530470592 -46.83749844653641 81955.374 79195.921 2759.4523 16.397943 0.0034035697
34 786.88422 159.04705 339.8173289721664 -46.83546609775716 81877.826 79207.203 2670.6227 16.433469 0.0034794239
35 791.89576 152.46947 339.8161619852488 -46.83442859657349 81730.885 79117.385 2613.5001 16.456944 0.0034802017
36 229.83689 141.3118 339.94638567553443 -46.83357465085982 83081.224 81317.373 1763.8506 16.883845 0.0033794083
37 186.77534 124.7313 339.95630639867977 -46.83102506663694 85916.313 81618.859 4297.4537 15.916972 0.0033618012
38 706.15672 125.06224 339.8361721151953 -46.8303308719412 82488.425 79284.639 3203.7854 16.235841 0.0034922242
39 27.639209 31.474938 339.99295762880223 -46.81658368813214 89698.913 85191.084 4507.8295 15.865081 0.0033604379
