Tablas/Vv0006w.ecsv
# %ECSV 0.9
# ---
# datatype:
# - {name: id, datatype: int64, format: '%.8g'}
# - {name: xcenter, unit: pix, datatype: float64, format: '%.8g'}
# - {name: ycenter, unit: pix, datatype: float64, format: '%.8g'}
# - {name: sky_center.ra, unit: deg, datatype: float64}
# - {name: sky_center.dec, unit: deg, datatype: float64}
# - {name: aperture_sum, datatype: float64, format: '%.8g'}
# - {name: aper_bkg, datatype: float64, format: '%.8g'}
# - {name: aper_sum_bkgsub, datatype: float64, format: '%.8g'}
# - {name: inst_mag, datatype: float64, format: '%.8g'}
# - {name: inst_mag_err, datatype: float64, format: '%.8g'}
# meta: !!omap
# - {name: Aperture photometry results}
# - {version: 'astropy: 3.2.3, photutils: 0.7.2'}
# - {aperture_photometry_args: 'method=''exact'', subpixels=5'}
# - {filename: Vv0006w.fits}
# - {mjd: 58756.039687}
# - __serialized_columns__:
#     sky_center:
#       __class__: astropy.coordinates.sky_coordinate.SkyCoord
#       dec: !astropy.table.SerializedColumn
#         __class__: astropy.coordinates.angles.Latitude
#         unit: &id001 !astropy.units.Unit {unit: deg}
#         value: !astropy.table.SerializedColumn {name: sky_center.dec}
#       equinox: !astropy.time.Time {format: jyear, in_subfmt: '*', jd1: 2451545.0, jd2: 0.0, out_subfmt: '*', precision: 3, scale: tt}
#       frame: fk5
#       ra: !astropy.table.SerializedColumn
#         __class__: astropy.coordinates.angles.Longitude
#         unit: *id001
#         value: !astropy.table.SerializedColumn {name: sky_center.ra}
#         wrap_angle: !astropy.coordinates.Angle
#           unit: *id001
#           value: 360.0
#       representation_type: spherical
#     xcenter:
#       __class__: astropy.units.quantity.Quantity
#       __info__: {format: '%.8g'}
#       unit: &id002 !astropy.units.Unit {unit: pix}
#       value: !astropy.table.SerializedColumn {name: xcenter}
#     ycenter:
#       __class__: astropy.units.quantity.Quantity
#       __info__: {format: '%.8g'}
#       unit: *id002
#       value: !astropy.table.SerializedColumn {name: ycenter}
# schema: astropy-2.0
id xcenter ycenter sky_center.ra sky_center.dec aperture_sum aper_bkg aper_sum_bkgsub inst_mag inst_mag_err
1 291.96829 933.60618 339.9309116332052 -46.958963466049454 86517.186 81214.372 5302.8145 15.688734 0.0033707058
2 99.871224 913.73384 339.97534729282194 -46.9560703554799 84370.398 83299.764 1070.6345 17.425897 0.0034414568
3 833.51913 856.1051 339.8063180584164 -46.94610018595023 95162.014 79338.771 15823.243 14.501761 0.0031446549
4 973.03451 837.09922 339.7743848599585 -46.942926485111876 85281.909 80095.229 5186.6805 15.712776 0.0033747375
5 320.18129 828.69274 339.9244439002668 -46.94245405519429 311099.66 81347.327 229752.33 11.59685 0.001439179
6 382.53596 813.03001 339.91007312865753 -46.93991908672667 82246.255 80698.506 1547.7491 17.025749 0.0033917155
7 138.90369 783.38958 339.96633241871183 -46.93555272663725 84643.059 82763.566 1879.4928 16.814898 0.0033274481
8 266.27552 737.8628 339.9369420881023 -46.928255637474635 148854.52 81562.517 67292.001 12.930091 0.00230745
9 529.93898 709.6492 339.87625020596397 -46.92350777142691 83683.202 80724.095 2959.107 16.322098 0.0033660511
10 601.93427 691.09386 339.8597350114747 -46.920505279732915 83293.139 80616.989 2676.1494 16.431224 0.0034560609
11 875.02855 638.40756 339.79724228355155 -46.91188491038585 96983.692 80217.257 16766.435 14.438898 0.0030278853
12 203.93403 623.25967 339.95141433252803 -46.91033256266307 83653.968 82081.244 1572.7248 17.008368 0.0033753182
13 352.73303 602.55996 339.9171538445837 -46.90691105138251 96791.596 81180.847 15610.749 14.516441 0.0030319332
14 305.92172 498.09611 339.92806616081225 -46.89056608723786 84253.444 82124.179 2129.2656 16.679425 0.0033411732
15 517.17515 481.98706 339.8795575105865 -46.88779094267845 83277.912 81801.247 1476.6647 17.076795 0.0034462054
16 217.10232 468.99327 339.94854866215985 -46.886097219955246 104837.86 82318.527 22519.332 14.118611 0.0029343867
17 248.0189 455.85253 339.94144960001574 -46.883999886869965 87639.991 82384.193 5255.7982 15.698403 0.0034005745
18 258.98232 439.99295 339.9389496824826 -46.88149798439518 84566.112 82623.361 1942.7513 16.778957 0.0034296108
19 425.08722 439.07896 339.9007741119037 -46.88116535806628 114657.1 81714.364 32942.738 13.705601 0.0027503759
20 483.16069 434.8419 339.88745346935605 -46.880432457313745 97591.928 81402.609 16189.32 14.476929 0.0030802627
21 639.65427 406.80761 339.8516499887513 -46.875846098831545 346707 82136.627 264570.38 11.443647 0.0013669048
22 431.16068 366.71394 339.8995202276603 -46.86980116843778 86214.558 81843.25 4371.3084 15.898471 0.0033041433
23 517.40962 367.61561 339.8797409501453 -46.86984244260774 84350.447 81859.031 2491.4164 16.508884 0.0034023665
24 760.44265 336.32315 339.82421229624833 -46.86464007694389 86246.76 81391.258 4855.5013 15.784415 0.0033834814
25 728.10084 312.74081 339.83166735820424 -46.86098041270324 91516.547 81677.051 9839.4956 15.017568 0.003146914
26 494.91649 240.0183 339.8851945101811 -46.84984680351322 95513.428 82172.585 13340.844 14.687042 0.0030656423
27 915.1383 235.74022 339.7892403804744 -46.848671184765365 84024.402 81162.28 2862.1224 16.358279 0.0034276459
28 794.66291 231.75794 339.8167145632464 -46.848196077746856 84819.874 81317.437 3502.4371 16.139074 0.0033102213
29 702.27768 227.98203 339.837811394823 -46.847715685697366 83453.384 81585.803 1867.5811 16.821801 0.0034438082
30 248.1019 218.17746 339.94183711492633 -46.846692686002555 85260.007 83029.212 2230.7951 16.628851 0.0033945392
31 446.54713 209.93046 339.89634604413055 -46.845180631192434 85382.853 82230.94 3151.913 16.253564 0.0033048169
32 990.35376 205.47823 339.7722259618557 -46.843830557519006 80898.323 80796.303 102.0196 19.978291 0.0035191207
33 776.17066 163.40907 339.8211530470592 -46.83749844653641 84058.623 81194.389 2864.2342 16.357479 0.0034303711
34 793.13289 150.5813 339.8173289721664 -46.83546609775716 84646.101 80878.821 3767.2801 16.05993 0.0034003642
35 798.35078 144.00622 339.8161619852488 -46.83442859657349 84580.675 81185.959 3394.716 16.172991 0.0034079169
36 229.05303 134.465 339.94638567553443 -46.83357465085982 85067.761 83288.006 1779.7549 16.8741 0.0033234592
37 185.98741 117.93373 339.95630639867977 -46.83102506663694 87463.176 83649.839 3813.337 16.046737 0.0033429596
38 710.9788 117.21444 339.8361721151953 -46.8303308719412 84201.407 81154.22 3047.1867 16.290252 0.0034175593
39 27.267781 24.908483 339.99295762880223 -46.81658368813214 91486.048 53685.364 37800.683 13.556251 0.024708005
