Tablas/Vv0042w.ecsv
# %ECSV 0.9
# ---
# datatype:
# - {name: id, datatype: int64, format: '%.8g'}
# - {name: xcenter, unit: pix, datatype: float64, format: '%.8g'}
# - {name: ycenter, unit: pix, datatype: float64, format: '%.8g'}
# - {name: celestial_center.ra, unit: deg, datatype: float64}
# - {name: celestial_center.dec, unit: deg, datatype: float64}
# - {name: aperture_sum, datatype: float64, format: '%.8g'}
# - {name: aper_bkg, datatype: float64, format: '%.8g'}
# - {name: aper_sum_bkgsub, datatype: float64, format: '%.8g'}
# - {name: inst_mag, datatype: float64, format: '%.8g'}
# - {name: inst_mag_err, datatype: float64, format: '%.8g'}
# meta: !!omap
# - {name: Aperture photometry results}
# - {version: 'astropy: 3.2.3, photutils: 0.6'}
# - {aperture_photometry_args: 'method=''exact'', subpixels=5'}
# - {filename: Vv0042w.fits}
# - {mjd: 58756.080035}
# - __serialized_columns__:
#     celestial_center:
#       __class__: astropy.coordinates.sky_coordinate.SkyCoord
#       dec: !astropy.table.SerializedColumn
#         __class__: astropy.coordinates.angles.Latitude
#         unit: &id001 !astropy.units.Unit {unit: deg}
#         value: !astropy.table.SerializedColumn {name: celestial_center.dec}
#       equinox: !astropy.time.Time {format: jyear, in_subfmt: '*', jd1: 2451545.0, jd2: 0.0, out_subfmt: '*', precision: 3, scale: tt}
#       frame: fk5
#       ra: !astropy.table.SerializedColumn
#         __class__: astropy.coordinates.angles.Longitude
#         unit: *id001
#         value: !astropy.table.SerializedColumn {name: celestial_center.ra}
#         wrap_angle: !astropy.coordinates.Angle
#           unit: *id001
#           value: 360.0
#       representation_type: spherical
#     xcenter:
#       __class__: astropy.units.quantity.Quantity
#       __info__: {format: '%.8g'}
#       unit: &id002 !astropy.units.Unit {unit: pix}
#       value: !astropy.table.SerializedColumn {name: xcenter}
#     ycenter:
#       __class__: astropy.units.quantity.Quantity
#       __info__: {format: '%.8g'}
#       unit: *id002
#       value: !astropy.table.SerializedColumn {name: ycenter}
# schema: astropy-2.0
id xcenter ycenter celestial_center.ra celestial_center.dec aperture_sum aper_bkg aper_sum_bkgsub inst_mag inst_mag_err
1 289.58576 941.90881 339.9309116332097 -46.95896346604986 84276.973 78730.929 5546.0436 15.640042 0.0033247302
2 96.57791 921.6421 339.9753472928264 -46.95607035548032 81885.674 81072.8 812.87411 17.724942 0.003324677
3 832.02851 864.59503 339.8063180584209 -46.946100185950634 93726.606 77237.607 16488.999 14.457014 0.0031590585
4 971.08211 845.37964 339.774384859963 -46.94292648511229 82575.385 78195.339 4380.0457 15.896303 0.0034735953
5 318.62282 837.12232 339.9244439002713 -46.9424540551947 309003.84 79340.86 229662.97 11.597273 0.0014604005
6 381.25109 821.5439 339.910073128662 -46.93991908672707 79870.746 78595.709 1275.0374 17.236193 0.0035613764
7 136.82301 791.54344 339.9663324187163 -46.93555272663767 82167.328 80754.053 1413.2746 17.124434 0.0033852338
8 265.01176 746.28766 339.9369420881068 -46.92825563747505 147090.51 79219.487 67871.024 12.920789 0.0023234041
9 529.24915 718.28798 339.87625020596846 -46.92350777142732 80323.681 78327.494 1996.1866 16.749497 0.0034320637
10 601.25351 699.72794 339.8597350114792 -46.92050527973333 80950.558 78245.245 2705.3124 16.419456 0.0034355608
11 873.60933 646.7543 339.79724228355605 -46.911884910386256 93788.057 77905.681 15882.376 14.497711 0.0031832154
12 202.914 631.68959 339.9514143325325 -46.91033256266348 80949.916 79829.9 1120.0159 17.37694 0.0034456962
13 352.14467 611.17019 339.9171538445882 -46.90691105138291 94837.468 78775.94 16061.528 14.485533 0.0030703681
14 305.40168 506.73267 339.92806616081674 -46.89056608723827 81790.082 79768.539 2021.5425 16.735793 0.0034268547
15 516.66916 490.67485 339.879557510591 -46.887790942678855 80798.637 79133.031 1665.6068 16.946069 0.0035140232
16 216.435 477.56725 339.94854866216434 -46.88609721995566 102191.25 79880.322 22310.93 14.128706 0.0029029442
17 247.4238 464.46797 339.94144960002023 -46.88399988687038 84585.017 80085.48 4499.5374 15.86708 0.0034843109
18 258.40919 448.62911 339.9389496824871 -46.881497984395594 82710.447 80157.426 2553.0212 16.482364 0.0033905509
19 424.61398 447.79006 339.90077411190816 -46.881165358066696 111293.42 79268.548 32024.869 13.736282 0.0028189862
20 482.63578 443.54832 339.88745346936054 -46.88043245731415 93592.842 78883.225 14709.617 14.580997 0.0030935978
21 638.71759 415.41361 339.8516499887558 -46.87584609883195 347931.78 79876.606 268055.17 11.42944 0.0013618531
22 430.56029 375.44741 339.89952022766477 -46.8698011684382 82701.127 79618.596 3082.531 16.277731 0.0033976671
23 516.68204 376.31972 339.87974095014977 -46.86984244260815 82034.126 79746.663 2287.463 16.601615 0.0035102471
24 758.71054 344.74102 339.8242122962528 -46.8646400769443 83363.314 79181.647 4181.6665 15.946627 0.0034571346
25 726.41504 321.20609 339.83166735820873 -46.860980412703654 87868.456 79231.914 8636.542 15.15915 0.0033183066
26 493.75533 248.75079 339.8851945101856 -46.849846803513636 92813.989 79743.032 13070.957 14.709232 0.0031124276
27 911.76668 243.75624 339.7892403804789 -46.84867118476578 81467.936 78850.278 2617.6578 16.455218 0.0034209943
28 792.1144 240.06377 339.81671456325086 -46.84819607774725 82562.825 78849.774 3713.051 16.075673 0.0033941264
29 700.23877 236.46433 339.8378113948275 -46.84771568569777 80753.633 79186.401 1567.2317 17.012167 0.0034474485
30 247.13349 226.94639 339.9418371149308 -46.84669268600296 83296.279 80719.709 2576.5696 16.472395 0.0034563678
31 445.35621 218.6967 339.89634604413504 -46.84518063119284 83128.27 79783.574 3344.696 16.189108 0.0033867314
32 986.10821 213.25093 339.77222596186016 -46.84383055751941 82705.092 78693.094 4011.9977 15.991598 0.0034942687
33 773.23871 171.72223 339.8211530470637 -46.83749844653682 81839.599 78852.01 2987.589 16.311698 0.0034805911
34 789.9844 158.85014 339.8173289721709 -46.83546609775758 81697.988 78771.269 2926.7193 16.334047 0.0034942303
35 795.11209 152.25959 339.81616198525325 -46.83442859657389 81901.405 78851.604 3049.801 16.289321 0.0034937148
36 227.73938 143.27543 339.9463856755389 -46.833574650860236 82651.042 81210.408 1440.6335 17.103616 0.0034694699
37 184.5877 126.73425 339.95630639868426 -46.83102506663734 85611.28 81413.444 4197.8365 15.942436 0.0033694053
38 708.08902 125.6437 339.8361721151998 -46.83033087194162 81565.922 78821.967 2743.9549 16.404058 0.0034967865
39 25.240114 33.648811 339.9929576288067 -46.816583688132546 89164.415 84679.095 4485.3196 15.870517 0.0033713251
