Tablas/Vv0021w.ecsv
# %ECSV 0.9
# ---
# datatype:
# - {name: id, datatype: int64, format: '%.8g'}
# - {name: xcenter, unit: pix, datatype: float64, format: '%.8g'}
# - {name: ycenter, unit: pix, datatype: float64, format: '%.8g'}
# - {name: sky_center.ra, unit: deg, datatype: float64}
# - {name: sky_center.dec, unit: deg, datatype: float64}
# - {name: aperture_sum, datatype: float64, format: '%.8g'}
# - {name: aper_bkg, datatype: float64, format: '%.8g'}
# - {name: aper_sum_bkgsub, datatype: float64, format: '%.8g'}
# - {name: inst_mag, datatype: float64, format: '%.8g'}
# - {name: inst_mag_err, datatype: float64, format: '%.8g'}
# meta: !!omap
# - {name: Aperture photometry results}
# - {version: 'astropy: 3.2.3, photutils: 0.7.2'}
# - {aperture_photometry_args: 'method=''exact'', subpixels=5'}
# - {filename: Vv0021w.fits}
# - {mjd: 58756.056505}
# - __serialized_columns__:
#     sky_center:
#       __class__: astropy.coordinates.sky_coordinate.SkyCoord
#       dec: !astropy.table.SerializedColumn
#         __class__: astropy.coordinates.angles.Latitude
#         unit: &id001 !astropy.units.Unit {unit: deg}
#         value: !astropy.table.SerializedColumn {name: sky_center.dec}
#       equinox: !astropy.time.Time {format: jyear, in_subfmt: '*', jd1: 2451545.0, jd2: 0.0, out_subfmt: '*', precision: 3, scale: tt}
#       frame: fk5
#       ra: !astropy.table.SerializedColumn
#         __class__: astropy.coordinates.angles.Longitude
#         unit: *id001
#         value: !astropy.table.SerializedColumn {name: sky_center.ra}
#         wrap_angle: !astropy.coordinates.Angle
#           unit: *id001
#           value: 360.0
#       representation_type: spherical
#     xcenter:
#       __class__: astropy.units.quantity.Quantity
#       __info__: {format: '%.8g'}
#       unit: &id002 !astropy.units.Unit {unit: pix}
#       value: !astropy.table.SerializedColumn {name: xcenter}
#     ycenter:
#       __class__: astropy.units.quantity.Quantity
#       __info__: {format: '%.8g'}
#       unit: *id002
#       value: !astropy.table.SerializedColumn {name: ycenter}
# schema: astropy-2.0
id xcenter ycenter sky_center.ra sky_center.dec aperture_sum aper_bkg aper_sum_bkgsub inst_mag inst_mag_err
1 292.25749 935.38347 339.9309116332052 -46.958963466049454 85644.003 80174.189 5469.814 15.655069 0.0034831489
2 99.522234 915.01563 339.97534729282194 -46.9560703554799 85614.359 82310.615 3303.7439 16.202484 0.0033082854
3 833.95649 858.62003 339.8063180584164 -46.94610018595023 93962.2 78604.461 15357.74 14.534182 0.0031726197
4 973.10072 839.48289 339.7743848599585 -46.942926485111876 83877.045 79176.953 4700.0921 15.819734 0.0034414709
5 320.4856 830.90022 339.9244439002668 -46.94245405519429 303935.89 80789.824 223146.06 11.628527 0.0014624272
6 382.93466 815.38387 339.91007312865753 -46.93991908672667 81013.232 80143.679 869.55253 17.65176 0.0035163356
7 138.75671 785.36978 339.96633241871183 -46.93555272663725 83848.033 82082.613 1765.4204 16.88288 0.0032589418
8 266.44644 740.24925 339.9369420881023 -46.928255637474635 146713.47 80704.626 66008.848 12.950995 0.0022841608
9 530.3098 712.29894 339.87625020596397 -46.92350777142691 82278.743 79770.517 2508.2257 16.501583 0.0033845698
10 602.23935 693.74463 339.8597350114747 -46.920505279732915 82770.798 79684.504 3086.2937 16.276407 0.0034691789
11 874.67836 640.68995 339.79724228355155 -46.91188491038585 94898.57 79660.129 15238.441 14.542649 0.0030684434
12 203.99749 625.87295 339.95141433252803 -46.91033256266307 82514.312 81062.801 1451.5108 17.095449 0.0034743506
13 352.9643 605.31384 339.9171538445837 -46.90691105138251 95476.041 80356.12 15119.921 14.551126 0.0031240355
14 306.09703 500.98169 339.92806616081225 -46.89056608723786 82895.972 81229.165 1666.8076 16.945286 0.0033673763
15 517.24639 484.71795 339.8795575105865 -46.88779094267845 82496.161 80667.47 1828.6905 16.844649 0.0034785682
16 217.22563 471.92269 339.94854866215985 -46.886097219955246 103740.99 81230.136 22510.855 14.11902 0.0029381538
17 248.16726 458.79735 339.94144960001574 -46.883999886869965 86390.421 81719.819 4670.6026 15.826568 0.0033623571
18 259.13827 442.95245 339.9389496824826 -46.88149798439518 83735.843 81601.97 2133.8725 16.677079 0.0034533439
19 425.21062 441.91516 339.9007741119037 -46.88116535806628 113740.47 80780.777 32959.691 13.705042 0.0027631621
20 483.22146 437.6013 339.88745346935605 -46.880432457313745 96132.097 80655.27 15476.827 14.525795 0.0031141163
21 639.38308 409.23646 339.8516499887513 -46.875846098831545 281261.83 81160.39 200101.44 11.746874 0.0015494753
22 431.22721 369.52054 339.8995202276603 -46.86980116843778 84826.579 80836.313 3990.266 15.997495 0.0033248888
23 517.3464 370.26355 339.8797409501453 -46.86984244260774 83288.481 81210.638 2077.8428 16.705968 0.0034545144
24 759.64997 338.24305 339.82421229624833 -46.86464007694389 85120.649 80666.485 4454.1647 15.878084 0.0034106365
25 727.37472 314.70537 339.83166735820424 -46.86098041270324 90021.809 80700.666 9321.1428 15.076327 0.0033540984
26 494.77144 242.53923 339.8851945101811 -46.84984680351322 94159.806 81096.852 13062.955 14.709896 0.0030847561
27 913.37417 236.65415 339.7892403804744 -46.848671184765365 83539.918 80252.508 3287.4106 16.207865 0.0034579875
28 793.48303 233.20315 339.8167145632464 -46.848196077746856 83966.035 80251.296 3714.7388 16.075179 0.0034425309
29 701.4765 229.78882 339.837811394823 -46.847715685697366 82779.733 80289.141 2490.592 16.509244 0.0033886698
30 248.31378 221.22644 339.94183711492633 -46.846692686002555 85176.068 82083.994 3092.0739 16.274375 0.003312747
31 446.48607 212.53286 339.89634604413055 -46.845180631192434 84317.68 81182.302 3135.3785 16.259275 0.0034172091
32 988.06392 205.86287 339.7722259618557 -46.843830557519006 80987.01 80152.82 834.18943 17.696838 0.0035257816
33 774.91848 164.67098 339.8211530470592 -46.83749844653641 82726.059 80206.56 2519.4986 16.496715 0.0033781097
34 791.77001 151.71048 339.8173289721664 -46.83546609775716 83282.513 80270.303 3012.2106 16.302787 0.0034477172
35 796.94693 145.0822 339.8161619852488 -46.83442859657349 83246.212 80112.311 3133.9013 16.259787 0.0034570496
36 229.31821 137.50694 339.94638567553443 -46.83357465085982 84029.589 82292.29 1737.2986 16.900314 0.003425312
37 186.29822 121.05517 339.95630639867977 -46.83102506663694 86759.148 82802.297 3956.8511 16.006626 0.0032719947
38 709.93235 118.59253 339.8361721151953 -46.8303308719412 83808.898 80327.875 3481.0232 16.145733 0.0034319288
39 27.748371 28.307623 339.99295762880223 -46.81658368813214 90809.984 86179.031 4630.953 15.835824 0.0034502554
