Tablas/Vv0005w.ecsv
# %ECSV 0.9
# ---
# datatype:
# - {name: id, datatype: int64, format: '%.8g'}
# - {name: xcenter, unit: pix, datatype: float64, format: '%.8g'}
# - {name: ycenter, unit: pix, datatype: float64, format: '%.8g'}
# - {name: sky_center.ra, unit: deg, datatype: float64}
# - {name: sky_center.dec, unit: deg, datatype: float64}
# - {name: aperture_sum, datatype: float64, format: '%.8g'}
# - {name: aper_bkg, datatype: float64, format: '%.8g'}
# - {name: aper_sum_bkgsub, datatype: float64, format: '%.8g'}
# - {name: inst_mag, datatype: float64, format: '%.8g'}
# - {name: inst_mag_err, datatype: float64, format: '%.8g'}
# meta: !!omap
# - {name: Aperture photometry results}
# - {version: 'astropy: 3.2.3, photutils: 0.7.2'}
# - {aperture_photometry_args: 'method=''exact'', subpixels=5'}
# - {filename: Vv0005w.fits}
# - {mjd: 58756.038565}
# - __serialized_columns__:
#     sky_center:
#       __class__: astropy.coordinates.sky_coordinate.SkyCoord
#       dec: !astropy.table.SerializedColumn
#         __class__: astropy.coordinates.angles.Latitude
#         unit: &id001 !astropy.units.Unit {unit: deg}
#         value: !astropy.table.SerializedColumn {name: sky_center.dec}
#       equinox: !astropy.time.Time {format: jyear, in_subfmt: '*', jd1: 2451545.0, jd2: 0.0, out_subfmt: '*', precision: 3, scale: tt}
#       frame: fk5
#       ra: !astropy.table.SerializedColumn
#         __class__: astropy.coordinates.angles.Longitude
#         unit: *id001
#         value: !astropy.table.SerializedColumn {name: sky_center.ra}
#         wrap_angle: !astropy.coordinates.Angle
#           unit: *id001
#           value: 360.0
#       representation_type: spherical
#     xcenter:
#       __class__: astropy.units.quantity.Quantity
#       __info__: {format: '%.8g'}
#       unit: &id002 !astropy.units.Unit {unit: pix}
#       value: !astropy.table.SerializedColumn {name: xcenter}
#     ycenter:
#       __class__: astropy.units.quantity.Quantity
#       __info__: {format: '%.8g'}
#       unit: *id002
#       value: !astropy.table.SerializedColumn {name: ycenter}
# schema: astropy-2.0
id xcenter ycenter sky_center.ra sky_center.dec aperture_sum aper_bkg aper_sum_bkgsub inst_mag inst_mag_err
1 291.43189 932.93691 339.9309116332052 -46.958963466049454 85438.271 80710.208 4728.0639 15.813292 0.0033141023
2 98.239329 913.50344 339.97534729282194 -46.9560703554799 83556.653 82696.634 860.01933 17.663729 0.0033517819
3 832.94822 855.11602 339.8063180584164 -46.94610018595023 94601.854 78767.81 15834.045 14.50102 0.0031547707
4 971.62037 836.40564 339.7743848599585 -46.942926485111876 84285.384 79310.348 4975.0353 15.75801 0.0034432207
5 319.86936 827.51599 339.9244439002668 -46.94245405519429 310141.33 80812.732 229328.6 11.598854 0.001444608
6 382.40195 811.70141 339.91007312865753 -46.93991908672667 81650.646 80161.229 1489.4168 17.067459 0.0034118571
7 137.83299 782.4665 339.96633241871183 -46.93555272663725 83984.944 82202.018 1782.9258 16.872167 0.0033557626
8 265.84621 736.45754 339.9369420881023 -46.928255637474635 148657.59 81053.473 67604.119 12.925067 0.0022634173
9 529.83669 707.89482 339.87625020596397 -46.92350777142691 82561.241 80115.781 2445.4605 16.529098 0.0034838427
10 601.69216 689.31029 339.8597350114747 -46.920505279732915 82860.389 80082.844 2777.545 16.390847 0.0034622093
11 873.41119 636.9444 339.79724228355155 -46.91188491038585 95289.05 79781.014 15508.036 14.523608 0.0030739061
12 203.35987 621.65215 339.95141433252803 -46.91033256266307 82795.676 81206.041 1589.6356 16.996756 0.0034449076
13 352.49824 600.64389 339.9171538445837 -46.90691105138251 96439.219 80403.01 16036.209 14.487246 0.0030391659
14 305.56061 496.04663 339.92806616081225 -46.89056608723786 83483.279 81310.444 2172.8344 16.657433 0.0034508161
15 516.63893 479.79192 339.8795575105865 -46.88779094267845 83091.623 80851.281 2240.342 16.624214 0.003570137
16 216.58572 467.05215 339.94854866215985 -46.886097219955246 103758.82 81498 22260.816 14.131147 0.0029402348
17 247.55345 453.83573 339.94144960001574 -46.883999886869965 86900.882 81795.38 5105.5028 15.729904 0.0034066264
18 258.52143 437.93846 339.9389496824826 -46.88149798439518 83855.095 81738.53 2116.5645 16.685921 0.0034139501
19 424.62283 436.85102 339.9007741119037 -46.88116535806628 114999.26 81040.138 33959.122 13.672609 0.002737391
20 482.58445 432.59839 339.88745346935605 -46.880432457313745 96920.019 80796.244 16123.775 14.481333 0.0030990016
21 638.43619 404.64198 339.8516499887513 -46.875846098831545 350964.34 81681.415 269282.92 11.424478 0.0013416141
22 430.52389 364.43784 339.8995202276603 -46.86980116843778 85330.429 81197.482 4132.9473 15.95935 0.0033089801
23 516.55102 365.34266 339.8797409501453 -46.86984244260774 83778.216 81214.608 2563.608 16.477871 0.0033438071
24 758.18011 334.35667 339.82421229624833 -46.86464007694389 85649.425 80793.835 4855.5907 15.784395 0.0033917643
25 725.94818 310.71568 339.83166735820424 -46.86098041270324 90651.585 80845.553 9806.0317 15.021267 0.0032553461
26 493.71188 237.76197 339.8851945101811 -46.84984680351322 94862.893 81317.857 13545.036 14.67055 0.0031321901
27 910.91598 234.27986 339.7892403804744 -46.848671184765365 83355.905 80684.321 2671.5842 16.433078 0.0034462022
28 791.55504 229.94325 339.8167145632464 -46.848196077746856 84322.738 80709.277 3613.4616 16.105191 0.0034170088
29 699.87473 225.96685 339.837811394823 -46.847715685697366 83057.256 80776.804 2280.4517 16.604948 0.0033607093
30 247.34824 216.06797 339.94183711492633 -46.846692686002555 84670.845 82320.951 2349.8942 16.572379 0.003433388
31 445.4134 207.68665 339.89634604413055 -46.845180631192434 84965.679 81349.696 3615.9826 16.104434 0.0033995869
32 985.08322 204.3374 339.7722259618557 -46.843830557519006 82210.493 80295.638 1914.8552 16.79466 0.0034895487
33 772.81302 161.6381 339.8211530470592 -46.83749844653641 83685.611 80687.153 2998.4581 16.307755 0.0034621264
34 789.54364 148.87459 339.8173289721664 -46.83546609775716 83929.42 80648.686 3280.7338 16.210073 0.0034287159
35 794.67184 142.32456 339.8161619852488 -46.83442859657349 84103.387 80635.61 3467.7768 16.149872 0.0034184502
36 228.1434 132.44826 339.94638567553443 -46.83357465085982 84580.713 82646.548 1934.1655 16.783766 0.0033224521
37 185.05881 116.00501 339.95630639867977 -46.83102506663694 86897.974 83094.662 3803.3117 16.049595 0.0033508627
38 707.89682 115.37219 339.8361721151953 -46.8303308719412 83799.741 80766.824 3032.9178 16.295348 0.0034470983
39 26.069731 23.471572 339.99295762880223 -46.81658368813214 90404.906 49870.849 40534.057 13.48045 0.025240074
