Tablas/Vv0015w.ecsv
# %ECSV 0.9
# ---
# datatype:
# - {name: id, datatype: int64, format: '%.8g'}
# - {name: xcenter, unit: pix, datatype: float64, format: '%.8g'}
# - {name: ycenter, unit: pix, datatype: float64, format: '%.8g'}
# - {name: celestial_center.ra, unit: deg, datatype: float64}
# - {name: celestial_center.dec, unit: deg, datatype: float64}
# - {name: aperture_sum, datatype: float64, format: '%.8g'}
# - {name: aper_bkg, datatype: float64, format: '%.8g'}
# - {name: aper_sum_bkgsub, datatype: float64, format: '%.8g'}
# - {name: inst_mag, datatype: float64, format: '%.8g'}
# - {name: inst_mag_err, datatype: float64, format: '%.8g'}
# meta: !!omap
# - {name: Aperture photometry results}
# - {version: 'astropy: 3.2.3, photutils: 0.6'}
# - {aperture_photometry_args: 'method=''exact'', subpixels=5'}
# - {filename: Vv0015w.fits}
# - {mjd: 58756.049769}
# - __serialized_columns__:
#     celestial_center:
#       __class__: astropy.coordinates.sky_coordinate.SkyCoord
#       dec: !astropy.table.SerializedColumn
#         __class__: astropy.coordinates.angles.Latitude
#         unit: &id001 !astropy.units.Unit {unit: deg}
#         value: !astropy.table.SerializedColumn {name: celestial_center.dec}
#       equinox: !astropy.time.Time {format: jyear, in_subfmt: '*', jd1: 2451545.0, jd2: 0.0, out_subfmt: '*', precision: 3, scale: tt}
#       frame: fk5
#       ra: !astropy.table.SerializedColumn
#         __class__: astropy.coordinates.angles.Longitude
#         unit: *id001
#         value: !astropy.table.SerializedColumn {name: celestial_center.ra}
#         wrap_angle: !astropy.coordinates.Angle
#           unit: *id001
#           value: 360.0
#       representation_type: spherical
#     xcenter:
#       __class__: astropy.units.quantity.Quantity
#       __info__: {format: '%.8g'}
#       unit: &id002 !astropy.units.Unit {unit: pix}
#       value: !astropy.table.SerializedColumn {name: xcenter}
#     ycenter:
#       __class__: astropy.units.quantity.Quantity
#       __info__: {format: '%.8g'}
#       unit: *id002
#       value: !astropy.table.SerializedColumn {name: ycenter}
# schema: astropy-2.0
id xcenter ycenter celestial_center.ra celestial_center.dec aperture_sum aper_bkg aper_sum_bkgsub inst_mag inst_mag_err
1 291.23649 935.47217 339.9309116332097 -46.95896346604986 86282.777 80742.033 5540.7438 15.64108 0.0033713911
2 99.323269 914.98146 339.9753472928264 -46.95607035548032 83801.107 83053.799 747.3082 17.816251 0.0033553052
3 832.17243 858.92001 339.8063180584209 -46.946100185950634 94939.62 78861.369 16078.252 14.484403 0.0030737098
4 971.50509 839.8105 339.774384859963 -46.94292648511229 84912.924 80077.981 4834.9432 15.789022 0.0034026051
5 319.41901 830.95416 339.9244439002713 -46.9424540551947 310816.89 81261.523 229555.37 11.597781 0.0014424004
6 381.7075 815.45863 339.910073128662 -46.93991908672707 81800.58 80665.484 1135.0965 17.362418 0.0034155917
7 138.30038 785.30576 339.9663324187163 -46.93555272663767 84600.462 82611.124 1989.3376 16.753229 0.0034068488
8 265.53714 740.21896 339.9369420881068 -46.92825563747505 148613.82 81222.094 67391.728 12.928484 0.0022571952
9 528.92005 712.35104 339.87625020596846 -46.92350777142732 82602.045 80320.78 2281.2651 16.604561 0.0033816789
10 600.82735 693.8019 339.8597350114792 -46.92050527973333 83420.832 80564.242 2856.5893 16.36038 0.0033848411
11 873.57295 640.74953 339.79724228355605 -46.911884910386256 95516.469 80147.919 15368.549 14.533418 0.00313941
12 203.18033 625.72693 339.9514143325325 -46.91033256266348 83387.6 81709.592 1678.0084 16.938015 0.0034482996
13 351.82522 605.20082 339.9171538445882 -46.90691105138291 96934.336 80818.004 16116.332 14.481834 0.0030194943
14 304.95415 500.74149 339.92806616081674 -46.89056608723827 84137.347 81732.69 2404.6566 16.547367 0.0033336093
15 515.98722 484.50243 339.879557510591 -46.887790942678855 82490.5 81317.838 1172.6622 17.327068 0.0034750358
16 216.17773 471.62604 339.94854866216434 -46.88609721995566 103876.91 81711.918 22164.995 14.135831 0.0029457981
17 247.05107 458.49306 339.94144960002023 -46.88399988687038 86479.074 81829.088 4649.9859 15.831371 0.0033586112
18 257.98425 442.63148 339.9389496824871 -46.881497984395594 84310.482 81760.673 2549.8084 16.483731 0.0034257431
19 423.93741 441.62558 339.90077411190816 -46.881165358066696 114196.28 81202.803 32993.478 13.70393 0.0027591073
20 481.94962 437.31486 339.88745346936054 -46.88043245731415 96726.951 81122.983 15603.967 14.516912 0.0030917932
21 638.24919 408.92394 339.8516499887558 -46.87584609883195 304664.24 81781.938 222882.3 11.629811 0.0014729948
22 429.9047 369.12816 339.89952022766477 -46.8698011684382 85320.28 81620.953 3699.3267 16.079693 0.0033869628
23 516.07314 369.88042 339.87974095014977 -46.86984244260815 84230.471 81609.137 2621.334 16.453694 0.0034263349
24 758.81229 337.81062 339.8242122962528 -46.8646400769443 85539.657 81176.478 4363.1794 15.900492 0.0033913417
25 726.46927 314.23111 339.83166735820873 -46.860980412703654 90413.449 81228.7 9184.7484 15.092332 0.0032365959
26 493.39101 241.94174 339.8851945101856 -46.849846803513636 94911.149 81790.693 13120.456 14.705128 0.0031374119
27 913.18152 236.00209 339.7892403804789 -46.84867118476578 83559.848 80728.708 2831.14 16.370097 0.0034595472
28 792.82844 232.56397 339.81671456325086 -46.84819607774725 84487.139 81142.583 3344.5558 16.189154 0.0034272251
29 700.53123 229.1544 339.8378113948275 -46.84771568569777 83708.945 81157.55 2551.3949 16.483056 0.0034485866
30 246.74573 220.58826 339.9418371149308 -46.84669268600296 86068.436 82834.509 3233.927 16.225674 0.0033972737
31 445.00844 211.88283 339.89634604413504 -46.84518063119284 85042.937 81746.676 3296.2606 16.204946 0.0033978112
32 988.26184 205.12617 339.77222596186016 -46.84383055751941 82308.916 80617.226 1691.6902 16.929198 0.003471757
33 774.22908 163.89082 339.8211530470637 -46.83749844653682 83603.366 80772.718 2830.6483 16.370285 0.0034497412
34 791.14901 150.89865 339.8173289721709 -46.83546609775758 83853.741 80755.01 3098.7317 16.27204 0.003443656
35 796.34858 144.25463 339.81616198525325 -46.83442859657389 83921.077 80769.112 3151.9649 16.253547 0.003435516
36 227.5357 136.7275 339.9463856755389 -46.833574650860236 84548.027 83091.479 1456.5471 17.091689 0.003429492
37 184.46486 120.24726 339.95630639868426 -46.83102506663734 87416.036 83257.68 4158.356 15.952696 0.0032505531
38 709.00817 117.72551 339.8361721151998 -46.83033087194162 83467.937 81115.573 2352.365 16.571238 0.0034306569
39 25.62563 27.338636 339.9929576288067 -46.816583688132546 91276.155 54750.236 36525.92 13.593497 0.024535786
