Tablas/Vv0030w.ecsv
# %ECSV 0.9
# ---
# datatype:
# - {name: id, datatype: int64, format: '%.8g'}
# - {name: xcenter, unit: pix, datatype: float64, format: '%.8g'}
# - {name: ycenter, unit: pix, datatype: float64, format: '%.8g'}
# - {name: celestial_center.ra, unit: deg, datatype: float64}
# - {name: celestial_center.dec, unit: deg, datatype: float64}
# - {name: aperture_sum, datatype: float64, format: '%.8g'}
# - {name: aper_bkg, datatype: float64, format: '%.8g'}
# - {name: aper_sum_bkgsub, datatype: float64, format: '%.8g'}
# - {name: inst_mag, datatype: float64, format: '%.8g'}
# - {name: inst_mag_err, datatype: float64, format: '%.8g'}
# meta: !!omap
# - {name: Aperture photometry results}
# - {version: 'astropy: 3.2.3, photutils: 0.6'}
# - {aperture_photometry_args: 'method=''exact'', subpixels=5'}
# - {filename: Vv0030w.fits}
# - {mjd: 58756.066586}
# - __serialized_columns__:
#     celestial_center:
#       __class__: astropy.coordinates.sky_coordinate.SkyCoord
#       dec: !astropy.table.SerializedColumn
#         __class__: astropy.coordinates.angles.Latitude
#         unit: &id001 !astropy.units.Unit {unit: deg}
#         value: !astropy.table.SerializedColumn {name: celestial_center.dec}
#       equinox: !astropy.time.Time {format: jyear, in_subfmt: '*', jd1: 2451545.0, jd2: 0.0, out_subfmt: '*', precision: 3, scale: tt}
#       frame: fk5
#       ra: !astropy.table.SerializedColumn
#         __class__: astropy.coordinates.angles.Longitude
#         unit: *id001
#         value: !astropy.table.SerializedColumn {name: celestial_center.ra}
#         wrap_angle: !astropy.coordinates.Angle
#           unit: *id001
#           value: 360.0
#       representation_type: spherical
#     xcenter:
#       __class__: astropy.units.quantity.Quantity
#       __info__: {format: '%.8g'}
#       unit: &id002 !astropy.units.Unit {unit: pix}
#       value: !astropy.table.SerializedColumn {name: xcenter}
#     ycenter:
#       __class__: astropy.units.quantity.Quantity
#       __info__: {format: '%.8g'}
#       unit: *id002
#       value: !astropy.table.SerializedColumn {name: ycenter}
# schema: astropy-2.0
id xcenter ycenter celestial_center.ra celestial_center.dec aperture_sum aper_bkg aper_sum_bkgsub inst_mag inst_mag_err
1 291.63686 932.89186 339.9309116332097 -46.95896346604986 84413.324 79633.086 4780.2379 15.801376 0.0033451896
2 98.777897 910.29876 339.9753472928264 -46.95607035548032 82140.363 81612.216 528.14742 18.193112 0.0034164226
3 832.96799 855.15801 339.8063180584209 -46.946100185950634 93036.895 77901.204 15135.691 14.549994 0.0031826226
4 971.82086 834.00764 339.774384859963 -46.94292648511229 82830.614 78539.034 4291.5804 15.918457 0.0034908624
5 319.91737 828.37849 339.9244439002713 -46.9424540551947 303491.69 79804.129 223687.56 11.625895 0.0014606004
6 382.3685 813.12629 339.910073128662 -46.93991908672707 80497.664 79135.203 1362.4612 17.16419 0.0035398101
7 138.1378 781.2008 339.9663324187163 -46.93555272663767 82777.495 81199.505 1577.9894 17.00474 0.0033854776
8 265.89833 737.18408 339.9369420881068 -46.92825563747505 146115.12 79765.199 66349.919 12.945399 0.0022933977
9 529.66687 709.67347 339.87625020596846 -46.92350777142732 81171.499 78760.783 2410.7159 16.544635 0.0034356037
10 601.51858 690.73063 339.8597350114792 -46.92050527973333 81359.419 78785.245 2574.1745 16.473405 0.0034142843
11 873.46607 634.47162 339.79724228355605 -46.911884910386256 94143.516 78889.598 15253.918 14.541546 0.0031548483
12 203.46413 622.20748 339.9514143325325 -46.91033256266348 81961.276 80274.719 1686.5567 16.932498 0.0034093709
13 352.41505 602.26416 339.9171538445882 -46.90691105138291 94870.135 79649.927 15220.208 14.543949 0.0030515634
14 305.54941 497.5268 339.92806616081674 -46.89056608723827 82013.423 80256.23 1757.1935 16.887951 0.0034934565
15 516.52718 480.83924 339.879557510591 -46.887790942678855 80996.205 79620.881 1375.3237 17.153988 0.0035436477
16 216.69639 468.12257 339.94854866216434 -46.88609721995566 102968.46 80577.557 22390.901 14.124821 0.0029574024
17 247.63004 455.09222 339.94144960002023 -46.88399988687038 85497.991 81047.636 4450.3555 15.879013 0.00346688
18 258.59449 439.24623 339.9389496824871 -46.881497984395594 82968.566 80876.27 2092.2959 16.698442 0.0034648235
19 424.56423 438.18957 339.90077411190816 -46.881165358066696 112784.87 79791.349 32993.522 13.703928 0.0027796149
20 482.5138 433.6317 339.88745346936054 -46.88043245731415 94637.887 79726.064 14911.823 14.566173 0.0030756053
21 638.43314 403.8899 339.8516499887558 -46.87584609883195 289805.21 80298.613 209506.59 11.697006 0.0015179535
22 430.5342 365.43869 339.89952022766477 -46.8698011684382 83460.03 80317.742 3142.2875 16.256885 0.0033726765
23 516.55123 365.71207 339.87974095014977 -46.86984244260815 82754.411 80243.538 2510.8732 16.500438 0.0033897902
24 758.39014 330.72758 339.8242122962528 -46.8646400769443 79295.645 79645.501 -349.85681 nan 0.0035580856
25 726.15872 307.46069 339.83166735820873 -46.860980412703654 82625.861 79810.009 2815.8512 16.375976 0.0034774111
26 493.90018 237.40553 339.8851945101856 -46.849846803513636 93174.567 80297.23 12877.337 14.725435 0.0031844373
27 911.58218 225.1556 339.7892403804789 -46.84867118476578 82110.632 79240.298 2870.3342 16.355169 0.0035136049
28 792.01051 224.08843 339.81671456325086 -46.84819607774725 80406.242 79277.662 1128.5798 17.368669 0.0035533297
29 700.21517 222.17399 339.8378113948275 -46.84771568569777 80266.449 79711.986 554.4631 18.140318 0.0035462754
30 247.68303 217.00511 339.9418371149308 -46.84669268600296 83839.108 81276.778 2562.3299 16.478412 0.0034295038
31 445.65441 207.59243 339.89634604413504 -46.84518063119284 83469.33 80296.697 3172.6331 16.24645 0.0033572639
32 985.99429 192.21018 339.77222596186016 -46.84383055751941 79425.013 79227.882 197.13047 19.263116 0.0035663496
33 773.39631 155.20995 339.8211530470637 -46.83749844653682 82483.572 79240.029 3243.5436 16.222451 0.0034821206
34 790.18557 141.79988 339.8173289721709 -46.83546609775758 82102.118 79387.424 2714.6936 16.415698 0.0034832787
35 795.33902 135.003 339.81616198525325 -46.83442859657389 79550.888 79354.916 195.97252 19.269512 0.0035682055
36 228.64546 133.10466 339.9463856755389 -46.833574650860236 83115.971 81760.431 1355.5406 17.169719 0.0033777274
37 185.64138 116.62566 339.95630639868426 -46.83102506663734 85993.976 81822.96 4171.0152 15.949396 0.0033001901
38 708.50304 109.8492 339.8361721151998 -46.83033087194162 79760.172 79539.683 220.48931 19.141531 0.0035634055
39 27.092424 23.438553 339.9929576288067 -46.816583688132546 89257.537 50657.774 38599.763 13.533538 0.025125879
