Tablas/Vv0022w.ecsv
# %ECSV 0.9
# ---
# datatype:
# - {name: id, datatype: int64, format: '%.8g'}
# - {name: xcenter, unit: pix, datatype: float64, format: '%.8g'}
# - {name: ycenter, unit: pix, datatype: float64, format: '%.8g'}
# - {name: celestial_center.ra, unit: deg, datatype: float64}
# - {name: celestial_center.dec, unit: deg, datatype: float64}
# - {name: aperture_sum, datatype: float64, format: '%.8g'}
# - {name: aper_bkg, datatype: float64, format: '%.8g'}
# - {name: aper_sum_bkgsub, datatype: float64, format: '%.8g'}
# - {name: inst_mag, datatype: float64, format: '%.8g'}
# - {name: inst_mag_err, datatype: float64, format: '%.8g'}
# meta: !!omap
# - {name: Aperture photometry results}
# - {version: 'astropy: 3.2.3, photutils: 0.6'}
# - {aperture_photometry_args: 'method=''exact'', subpixels=5'}
# - {filename: Vv0022w.fits}
# - {mjd: 58756.057616}
# - __serialized_columns__:
#     celestial_center:
#       __class__: astropy.coordinates.sky_coordinate.SkyCoord
#       dec: !astropy.table.SerializedColumn
#         __class__: astropy.coordinates.angles.Latitude
#         unit: &id001 !astropy.units.Unit {unit: deg}
#         value: !astropy.table.SerializedColumn {name: celestial_center.dec}
#       equinox: !astropy.time.Time {format: jyear, in_subfmt: '*', jd1: 2451545.0, jd2: 0.0, out_subfmt: '*', precision: 3, scale: tt}
#       frame: fk5
#       ra: !astropy.table.SerializedColumn
#         __class__: astropy.coordinates.angles.Longitude
#         unit: *id001
#         value: !astropy.table.SerializedColumn {name: celestial_center.ra}
#         wrap_angle: !astropy.coordinates.Angle
#           unit: *id001
#           value: 360.0
#       representation_type: spherical
#     xcenter:
#       __class__: astropy.units.quantity.Quantity
#       __info__: {format: '%.8g'}
#       unit: &id002 !astropy.units.Unit {unit: pix}
#       value: !astropy.table.SerializedColumn {name: xcenter}
#     ycenter:
#       __class__: astropy.units.quantity.Quantity
#       __info__: {format: '%.8g'}
#       unit: *id002
#       value: !astropy.table.SerializedColumn {name: ycenter}
# schema: astropy-2.0
id xcenter ycenter celestial_center.ra celestial_center.dec aperture_sum aper_bkg aper_sum_bkgsub inst_mag inst_mag_err
1 290.67697 936.1836 339.9309116332097 -46.95896346604986 85342.288 79774.013 5568.2747 15.635698 0.0032952643
2 98.542405 915.93249 339.9753472928264 -46.95607035548032 83195.536 82102.156 1093.3803 17.403072 0.0033795401
3 831.4969 859.69126 339.8063180584209 -46.946100185950634 93920.428 78049.383 15871.045 14.498486 0.0031721923
4 970.59747 840.73369 339.774384859963 -46.94292648511229 83739.713 78748.645 4991.0683 15.754516 0.0034355043
5 318.89274 831.85891 339.9244439002713 -46.9424540551947 309866.25 80277.604 229588.65 11.597624 0.0014571638
6 381.20432 816.37424 339.910073128662 -46.93991908672707 80885.913 79649.745 1236.168 17.269806 0.0035363003
7 137.65061 786.38127 339.9663324187163 -46.93555272663767 83040.922 81618.622 1422.3007 17.117521 0.0033772851
8 264.99364 741.31761 339.9369420881068 -46.92825563747505 147942.96 80138.11 67804.852 12.921848 0.0023133959
9 528.35441 713.54854 339.87625020596846 -46.92350777142732 81636.264 79294.843 2341.4213 16.576301 0.0035074831
10 600.19719 695.09381 339.8597350114792 -46.92050527973333 82020.537 79204.358 2816.1794 16.375849 0.0034052292
11 872.49131 642.50933 339.79724228355605 -46.911884910386256 94721.238 79210.533 15510.705 14.523421 0.0031341254
12 202.63421 627.0139 339.9514143325325 -46.91033256266348 82007.014 80726.796 1280.2181 17.23179 0.0033907357
13 351.28438 606.58453 339.9171538445882 -46.90691105138291 95809.201 80174.341 15634.86 14.514765 0.0031228455
14 304.40901 502.30107 339.92806616081674 -46.89056608723827 83121.916 80663.985 2457.9318 16.523575 0.0034572391
15 515.26973 486.34575 339.879557510591 -46.887790942678855 81801.673 80369.762 1431.9107 17.11021 0.0034817815
16 215.65642 473.15256 339.94854866216434 -46.88609721995566 103651.56 80829.427 22822.133 14.104109 0.0028895131
17 246.52267 460.07026 339.94144960002023 -46.88399988687038 85828.105 81340.868 4487.2364 15.870053 0.0034581933
18 257.45129 444.24669 339.9389496824871 -46.881497984395594 83220.133 81105.526 2114.6065 16.686926 0.0034548362
19 423.29016 443.45238 339.90077411190816 -46.881165358066696 113022.68 80249.327 32773.349 13.711198 0.0027737404
20 481.23683 439.23777 339.88745346936054 -46.88043245731415 95838.105 80197.566 15640.539 14.514371 0.003107488
21 637.27412 411.20183 339.8516499887558 -46.87584609883195 285879.05 80787.329 205091.72 11.72013 0.001530298
22 429.20867 371.13848 339.89952022766477 -46.8698011684382 84301.854 80627.067 3674.7875 16.086919 0.003323568
23 515.26071 372.04479 339.87974095014977 -46.86984244260815 83802.983 80681.094 3121.8889 16.263956 0.00354219
24 757.47989 340.6074 339.8242122962528 -46.8646400769443 84915.63 80140.645 4774.9851 15.80257 0.0034052835
25 725.17833 317.03654 339.83166735820873 -46.860980412703654 88984.418 80159.851 8824.5666 15.135767 0.0032931503
26 492.50269 244.40407 339.8851945101856 -46.849846803513636 94149.321 80604.979 13544.342 14.670605 0.0030958435
27 911.21368 239.65748 339.7892403804789 -46.84867118476578 82686.463 79727.355 2959.1085 16.322098 0.0034650659
28 791.22593 235.86334 339.81671456325086 -46.84819607774725 83495.423 79895.015 3600.408 16.109121 0.0033508784
29 699.17468 232.19852 339.8378113948275 -46.84771568569777 82000.544 80197.524 1803.0199 16.859999 0.0034946975
30 246.19206 222.54364 339.9418371149308 -46.84669268600296 84890.277 81745.424 3144.8524 16.255999 0.003407837
31 444.18011 214.30354 339.89634604413504 -46.84518063119284 84015.817 80791.831 3223.9859 16.229017 0.0034203089
32 985.96243 209.17412 339.77222596186016 -46.84383055751941 83526.765 79744.677 3782.0881 16.055671 0.0034489077
33 772.55817 167.40043 339.8211530470637 -46.83749844653682 82958.781 79733.886 3224.8952 16.228711 0.0033760511
34 789.40239 154.51451 339.8173289721709 -46.83546609775758 82774.697 79787.717 2986.98 16.311919 0.0033774543
35 794.57324 147.91409 339.81616198525325 -46.83442859657389 82485.757 79794.312 2691.4451 16.425036 0.0034691027
36 226.98653 138.76493 339.9463856755389 -46.833574650860236 83532.802 82192.1 1340.7016 17.18167 0.003369553
37 183.96215 122.20334 339.95630639868426 -46.83102506663734 86211.516 82562.469 3649.0473 16.094551 0.0032781624
38 707.45218 121.19116 339.8361721151998 -46.83033087194162 82506.797 79836.384 2670.4131 16.433554 0.0034773495
39 25.282963 28.984593 339.9929576288067 -46.816583688132546 90596.759 55800.492 34796.267 13.646168 0.024038906
