Tablas/Vv0048w.ecsv
# %ECSV 0.9
# ---
# datatype:
# - {name: id, datatype: int64, format: '%.8g'}
# - {name: xcenter, unit: pix, datatype: float64, format: '%.8g'}
# - {name: ycenter, unit: pix, datatype: float64, format: '%.8g'}
# - {name: celestial_center.ra, unit: deg, datatype: float64}
# - {name: celestial_center.dec, unit: deg, datatype: float64}
# - {name: aperture_sum, datatype: float64, format: '%.8g'}
# - {name: aper_bkg, datatype: float64, format: '%.8g'}
# - {name: aper_sum_bkgsub, datatype: float64, format: '%.8g'}
# - {name: inst_mag, datatype: float64, format: '%.8g'}
# - {name: inst_mag_err, datatype: float64, format: '%.8g'}
# meta: !!omap
# - {name: Aperture photometry results}
# - {version: 'astropy: 3.2.3, photutils: 0.6'}
# - {aperture_photometry_args: 'method=''exact'', subpixels=5'}
# - {filename: Vv0048w.fits}
# - {mjd: 58756.086759}
# - __serialized_columns__:
#     celestial_center:
#       __class__: astropy.coordinates.sky_coordinate.SkyCoord
#       dec: !astropy.table.SerializedColumn
#         __class__: astropy.coordinates.angles.Latitude
#         unit: &id001 !astropy.units.Unit {unit: deg}
#         value: !astropy.table.SerializedColumn {name: celestial_center.dec}
#       equinox: !astropy.time.Time {format: jyear, in_subfmt: '*', jd1: 2451545.0, jd2: 0.0, out_subfmt: '*', precision: 3, scale: tt}
#       frame: fk5
#       ra: !astropy.table.SerializedColumn
#         __class__: astropy.coordinates.angles.Longitude
#         unit: *id001
#         value: !astropy.table.SerializedColumn {name: celestial_center.ra}
#         wrap_angle: !astropy.coordinates.Angle
#           unit: *id001
#           value: 360.0
#       representation_type: spherical
#     xcenter:
#       __class__: astropy.units.quantity.Quantity
#       __info__: {format: '%.8g'}
#       unit: &id002 !astropy.units.Unit {unit: pix}
#       value: !astropy.table.SerializedColumn {name: xcenter}
#     ycenter:
#       __class__: astropy.units.quantity.Quantity
#       __info__: {format: '%.8g'}
#       unit: *id002
#       value: !astropy.table.SerializedColumn {name: ycenter}
# schema: astropy-2.0
id xcenter ycenter celestial_center.ra celestial_center.dec aperture_sum aper_bkg aper_sum_bkgsub inst_mag inst_mag_err
1 292.10006 934.89271 339.9309116332097 -46.95896346604986 85377.168 79829.13 5548.0378 15.639651 0.0033839897
2 98.855862 915.03845 339.9753472928264 -46.95607035548032 82234.764 81849.987 384.77665 18.536978 0.0033775863
3 833.97364 857.78596 339.8063180584209 -46.946100185950634 94327.525 77911.221 16416.305 14.461811 0.0030826532
4 972.74178 838.89284 339.774384859963 -46.94292648511229 83362.196 78630.011 4732.185 15.812346 0.0034361576
5 320.6577 830.23969 339.9244439002713 -46.9424540551947 311919.37 80081.887 231837.48 11.587041 0.0014367135
6 383.2245 814.62023 339.910073128662 -46.93991908672707 80411.225 79573.641 837.58461 17.692428 0.0034437246
7 138.62563 785.02141 339.9663324187163 -46.93555272663767 82968.926 81578.283 1390.643 17.141961 0.0033574119
8 266.70374 739.58287 339.9369420881068 -46.92825563747505 148043.8 80114.177 67929.62 12.919852 0.0023143806
9 530.76654 711.43533 339.87625020596846 -46.92350777142732 81298.433 79213.994 2084.4383 16.702527 0.0034254724
10 602.64762 692.91524 339.8597350114792 -46.92050527973333 82370.218 79284.569 3085.6484 16.276634 0.0034812463
11 874.45256 640.34295 339.79724228355605 -46.911884910386256 94946.247 79224.915 15721.332 14.508777 0.0031576038
12 204.31013 625.15944 339.9514143325325 -46.91033256266348 82047.53 80779.407 1268.1226 17.242097 0.003409444
13 353.45658 604.46272 339.9171538445882 -46.90691105138291 95579.978 79746.252 15833.726 14.501042 0.0030472063
14 306.57448 500.08671 339.92806616081674 -46.89056608723827 82889.602 80716.594 2173.0085 16.657346 0.0033713638
15 517.62551 483.94248 339.879557510591 -46.887790942678855 81522.784 80220.923 1301.8606 17.213589 0.0035054553
16 217.63592 471.02648 339.94854866216434 -46.88609721995566 103694.71 81033.352 22661.357 14.111785 0.0029559614
17 248.60099 457.88053 339.94144960002023 -46.88399988687038 85633.758 81243.154 4390.6043 15.893689 0.0034637585
18 259.57268 442.02252 339.9389496824871 -46.881497984395594 83255.054 81242.588 2012.4666 16.740678 0.0033729015
19 425.62968 441.05767 339.90077411190816 -46.881165358066696 112416.91 80347.041 32069.866 13.734757 0.0027396453
20 483.57983 436.80752 339.88745346936054 -46.88043245731415 94288.048 80278.354 14009.694 14.633928 0.0031513371
21 639.40342 408.7419 339.8516499887558 -46.87584609883195 380482.24 80828.324 299653.92 11.30845 0.0012835105
22 431.53702 368.68429 339.89952022766477 -46.8698011684382 84301.418 80751.382 3550.0365 16.124418 0.0033341824
23 517.53815 369.56035 339.87974095014977 -46.86984244260815 82933.344 80805.672 2127.6721 16.680238 0.0034823497
24 759.10288 338.20092 339.8242122962528 -46.8646400769443 84335.943 80326.929 4009.0143 15.992406 0.0034168094
25 726.86611 314.6031 339.83166735820873 -46.860980412703654 88956.11 80354.949 8601.1613 15.163607 0.0032795885
26 494.68767 241.88451 339.8851945101856 -46.849846803513636 93793.67 80731.292 13062.378 14.709944 0.0030980038
27 911.73689 237.47974 339.7892403804789 -46.84867118476578 83078.027 80121 2957.0274 16.322862 0.003468904
28 792.40664 233.51366 339.81671456325086 -46.84819607774725 83677.505 79831.874 3845.6314 16.037581 0.0033417474
29 700.75619 229.75729 339.8378113948275 -46.84771568569777 82382.678 80207.645 2175.033 16.656335 0.0033829753
30 248.46495 220.15925 339.9418371149308 -46.84669268600296 84739.44 82093.328 2646.1113 16.44348 0.0033225395
31 446.40794 211.78896 339.89634604413504 -46.84518063119284 83948.683 80786.833 3161.8501 16.250147 0.0034274422
32 985.8569 207.15884 339.77222596186016 -46.84383055751941 83584.561 79382.763 4201.7977 15.941412 0.0034465606
33 773.62136 165.06425 339.8211530470637 -46.83749844653682 82457.681 79709.869 2747.8124 16.402532 0.0033858658
34 790.33439 152.20851 339.8173289721709 -46.83546609775758 82815.489 79725.696 3089.7929 16.275177 0.0034812718
35 795.45486 145.61981 339.81616198525325 -46.83442859657389 82456.442 79624.189 2832.253 16.36967 0.003477858
36 229.28015 136.37833 339.9463856755389 -46.833574650860236 83532.073 81911.22 1620.8523 16.975641 0.0034538721
37 186.23231 119.86161 339.95630639868426 -46.83102506663734 86451.894 82617.699 3834.1949 16.040815 0.0033484417
38 708.70219 118.81217 339.8361721151998 -46.83033087194162 81841.798 80112.784 1729.0149 16.905503 0.0035228015
39 27.410913 26.860772 339.9929576288067 -46.816583688132546 90158.371 55892.989 34265.382 13.662861 0.024198437
