Tablas/Vv0033w.ecsv
# %ECSV 0.9
# ---
# datatype:
# - {name: id, datatype: int64, format: '%.8g'}
# - {name: xcenter, unit: pix, datatype: float64, format: '%.8g'}
# - {name: ycenter, unit: pix, datatype: float64, format: '%.8g'}
# - {name: celestial_center.ra, unit: deg, datatype: float64}
# - {name: celestial_center.dec, unit: deg, datatype: float64}
# - {name: aperture_sum, datatype: float64, format: '%.8g'}
# - {name: aper_bkg, datatype: float64, format: '%.8g'}
# - {name: aper_sum_bkgsub, datatype: float64, format: '%.8g'}
# - {name: inst_mag, datatype: float64, format: '%.8g'}
# - {name: inst_mag_err, datatype: float64, format: '%.8g'}
# meta: !!omap
# - {name: Aperture photometry results}
# - {version: 'astropy: 3.2.3, photutils: 0.6'}
# - {aperture_photometry_args: 'method=''exact'', subpixels=5'}
# - {filename: Vv0033w.fits}
# - {mjd: 58756.069954}
# - __serialized_columns__:
#     celestial_center:
#       __class__: astropy.coordinates.sky_coordinate.SkyCoord
#       dec: !astropy.table.SerializedColumn
#         __class__: astropy.coordinates.angles.Latitude
#         unit: &id001 !astropy.units.Unit {unit: deg}
#         value: !astropy.table.SerializedColumn {name: celestial_center.dec}
#       equinox: !astropy.time.Time {format: jyear, in_subfmt: '*', jd1: 2451545.0, jd2: 0.0, out_subfmt: '*', precision: 3, scale: tt}
#       frame: fk5
#       ra: !astropy.table.SerializedColumn
#         __class__: astropy.coordinates.angles.Longitude
#         unit: *id001
#         value: !astropy.table.SerializedColumn {name: celestial_center.ra}
#         wrap_angle: !astropy.coordinates.Angle
#           unit: *id001
#           value: 360.0
#       representation_type: spherical
#     xcenter:
#       __class__: astropy.units.quantity.Quantity
#       __info__: {format: '%.8g'}
#       unit: &id002 !astropy.units.Unit {unit: pix}
#       value: !astropy.table.SerializedColumn {name: xcenter}
#     ycenter:
#       __class__: astropy.units.quantity.Quantity
#       __info__: {format: '%.8g'}
#       unit: *id002
#       value: !astropy.table.SerializedColumn {name: ycenter}
# schema: astropy-2.0
id xcenter ycenter celestial_center.ra celestial_center.dec aperture_sum aper_bkg aper_sum_bkgsub inst_mag inst_mag_err
1 293.24684 934.28293 339.9309116332097 -46.95896346604986 85362.936 79655.137 5707.7987 15.608828 0.0033072856
2 100.30021 914.2401 339.9753472928264 -46.95607035548032 82674.484 81718.951 955.53263 17.549386 0.0033779741
3 835.19794 856.98697 339.8063180584209 -46.946100185950634 93896.859 78111.537 15785.323 14.504366 0.0031595285
4 974.18819 837.90947 339.774384859963 -46.94292648511229 82877.836 78685.737 4192.099 15.943921 0.0034527698
5 321.8928 829.53545 339.9244439002713 -46.9424540551947 310547.3 80229.279 230318.02 11.59418 0.0014573137
6 384.44359 813.92565 339.910073128662 -46.93991908672707 80554.267 79318.395 1235.8722 17.270066 0.003445338
7 140.05667 784.14204 339.9663324187163 -46.93555272663767 82841.072 81214.464 1626.6072 16.971793 0.0032811584
8 268.05649 738.76889 339.9369420881068 -46.92825563747505 148752.59 79845.022 68907.565 12.904333 0.0022745518
9 532.148 710.6608 339.87625020596846 -46.92350777142732 81367.452 79197.772 2169.6804 16.659011 0.0035120581
10 604.10833 692.10769 339.8597350114792 -46.92050527973333 82409.236 79097.622 3311.6131 16.199901 0.0034953785
11 876.40294 639.28905 339.79724228355605 -46.911884910386256 94665.487 78836.122 15829.365 14.501341 0.0032358013
12 205.75551 624.22279 339.9514143325325 -46.91033256266348 81631.079 80249.28 1381.7993 17.148888 0.0033977471
13 354.91809 603.5955 339.9171538445882 -46.90691105138291 95307.482 79712.055 15595.427 14.517507 0.0030457471
14 308.10121 499.14893 339.92806616081674 -46.89056608723827 82372.825 80611.351 1761.4742 16.885309 0.0033943213
15 519.36483 483.02655 339.879557510591 -46.887790942678855 81223.281 80143.719 1079.5624 17.416881 0.0035141995
16 219.13536 470.02786 339.94854866216434 -46.88609721995566 103287.19 80366.922 22920.269 14.099451 0.0028920799
17 250.11876 456.89737 339.94144960002023 -46.88399988687038 85311.464 80845.263 4466.2014 15.875154 0.0033888881
18 261.10312 441.04076 339.9389496824871 -46.881497984395594 83056.67 80846.066 2210.6041 16.638723 0.0034651194
19 427.30958 440.1289 339.90077411190816 -46.881165358066696 112106.44 80112.124 31994.321 13.737318 0.0027417777
20 485.3384 435.87729 339.88745346936054 -46.88043245731415 94679.985 79886.609 14793.375 14.574832 0.0031431656
21 641.46839 407.75354 339.8516499887558 -46.87584609883195 305285.99 80655.65 224630.34 11.621329 0.0014711251
22 433.29925 367.73557 339.89952022766477 -46.8698011684382 84190.157 80634.411 3555.7453 16.122673 0.0033333905
23 519.43773 368.60531 339.87974095014977 -46.86984244260815 82610.638 80653.081 1957.557 16.770714 0.0034854884
24 761.59099 337.10499 339.8242122962528 -46.8646400769443 84690.288 80144.666 4545.6217 15.856017 0.0034262174
25 729.31981 313.52929 339.83166735820873 -46.860980412703654 88968.157 80233.474 8734.6836 15.146882 0.003286353
26 496.69801 240.9164 339.8851945101856 -46.849846803513636 94174.889 80359.743 13815.147 14.649111 0.0031673289
27 914.94945 236.19026 339.7892403804789 -46.84867118476578 82829.291 79656.447 3172.8432 16.246378 0.0034728302
28 795.22737 232.36698 339.81671456325086 -46.84819607774725 83019.667 79695.614 3324.0529 16.19583 0.0034597136
29 703.30647 228.69252 339.8378113948275 -46.84771568569777 81922.143 79794.976 2127.1673 16.680496 0.003495459
30 250.0425 219.14697 339.9418371149308 -46.84669268600296 84373.661 81277.507 3096.1539 16.272944 0.0033443097
31 448.34418 210.82607 339.89634604413504 -46.84518063119284 83425.875 80672.485 2753.3901 16.400331 0.0033721623
32 989.43279 205.75564 339.77222596186016 -46.84383055751941 79666.655 79284.061 382.5943 18.543154 0.0035611168
33 776.52948 163.93424 339.8211530470637 -46.83749844653682 82891.684 79597.351 3294.3336 16.205581 0.0033686363
34 793.3273 151.0619 339.8173289721709 -46.83546609775758 82615.131 79675.664 2939.467 16.329329 0.0034636592
35 798.47996 144.46811 339.81616198525325 -46.83442859657389 82098.449 79706.534 2391.915 16.553136 0.0034820855
36 230.82973 135.36826 339.9463856755389 -46.833574650860236 83093.008 81804.444 1288.5639 17.224735 0.0033516956
37 187.70721 118.82874 339.95630639868426 -46.83102506663734 86072.976 82264.334 3808.6418 16.048075 0.0032867057
38 711.48171 117.7445 339.8361721151998 -46.83033087194162 82653.43 79678.47 2974.9601 16.316297 0.0033802495
39 28.581419 25.719099 339.9929576288067 -46.816583688132546 90191.725 55573.574 34618.151 13.65174 0.024138557
