Tablas/Vv0003w.ecsv
# %ECSV 0.9
# ---
# datatype:
# - {name: id, datatype: int64, format: '%.8g'}
# - {name: xcenter, unit: pix, datatype: float64, format: '%.8g'}
# - {name: ycenter, unit: pix, datatype: float64, format: '%.8g'}
# - {name: celestial_center.ra, unit: deg, datatype: float64}
# - {name: celestial_center.dec, unit: deg, datatype: float64}
# - {name: aperture_sum, datatype: float64, format: '%.8g'}
# - {name: aper_bkg, datatype: float64, format: '%.8g'}
# - {name: aper_sum_bkgsub, datatype: float64, format: '%.8g'}
# - {name: inst_mag, datatype: float64, format: '%.8g'}
# - {name: inst_mag_err, datatype: float64, format: '%.8g'}
# meta: !!omap
# - {name: Aperture photometry results}
# - {version: 'astropy: 3.2.3, photutils: 0.6'}
# - {aperture_photometry_args: 'method=''exact'', subpixels=5'}
# - {filename: Vv0003w.fits}
# - {mjd: 58756.036319}
# - __serialized_columns__:
#     celestial_center:
#       __class__: astropy.coordinates.sky_coordinate.SkyCoord
#       dec: !astropy.table.SerializedColumn
#         __class__: astropy.coordinates.angles.Latitude
#         unit: &id001 !astropy.units.Unit {unit: deg}
#         value: !astropy.table.SerializedColumn {name: celestial_center.dec}
#       equinox: !astropy.time.Time {format: jyear, in_subfmt: '*', jd1: 2451545.0, jd2: 0.0, out_subfmt: '*', precision: 3, scale: tt}
#       frame: fk5
#       ra: !astropy.table.SerializedColumn
#         __class__: astropy.coordinates.angles.Longitude
#         unit: *id001
#         value: !astropy.table.SerializedColumn {name: celestial_center.ra}
#         wrap_angle: !astropy.coordinates.Angle
#           unit: *id001
#           value: 360.0
#       representation_type: spherical
#     xcenter:
#       __class__: astropy.units.quantity.Quantity
#       __info__: {format: '%.8g'}
#       unit: &id002 !astropy.units.Unit {unit: pix}
#       value: !astropy.table.SerializedColumn {name: xcenter}
#     ycenter:
#       __class__: astropy.units.quantity.Quantity
#       __info__: {format: '%.8g'}
#       unit: *id002
#       value: !astropy.table.SerializedColumn {name: ycenter}
# schema: astropy-2.0
id xcenter ycenter celestial_center.ra celestial_center.dec aperture_sum aper_bkg aper_sum_bkgsub inst_mag inst_mag_err
1 284.61627 944.96704 339.9309116332097 -46.95896346604986 86660.417 81147.174 5513.2431 15.646482 0.0032636139
2 81.470851 922.37085 339.9753472928264 -46.95607035548032 83202.755 83295.332 -92.577548 nan 0.0033478342
3 829.93688 867.83297 339.8063180584209 -46.946100185950634 95657.292 79114.026 16543.266 14.453447 0.0031136586
4 964.1567 847.11849 339.774384859963 -46.94292648511229 84762.183 79674.318 5087.8643 15.733661 0.0034211014
5 314.06931 840.69871 339.9244439002713 -46.9424540551947 308420.33 81264.329 227156 11.609189 0.0014472559
6 378.38337 825.50436 339.910073128662 -46.93991908672707 82016.775 80706.411 1310.3636 17.20652 0.0034875587
7 124.4525 793.54078 339.9663324187163 -46.93555272663767 82921.866 83107.52 -185.65459 nan 0.0034530439
8 258.34149 749.67938 339.9369420881068 -46.92825563747505 147844.03 81195.867 66648.166 12.940529 0.0022787069
9 527.44711 722.42755 339.87625020596846 -46.92350777142732 82325.891 80270.792 2055.0993 16.717918 0.0033757755
10 599.15499 703.63136 339.8597350114792 -46.92050527973333 83185.654 80321.281 2864.3733 16.357426 0.003367588
11 864.95398 648.21304 339.79724228355605 -46.911884910386256 95421.535 80111.524 15310.011 14.537561 0.0031246756
12 194.17307 634.88266 339.9514143325325 -46.91033256266348 83331.587 82114.971 1216.6157 17.287116 0.0034557747
13 347.65911 615.1081 339.9171538445882 -46.90691105138291 97358.938 80775.652 16583.286 14.450824 0.003079247
14 300.06836 510.53387 339.92806616081674 -46.89056608723827 84482.187 81715.731 2766.4555 16.395191 0.0033350146
15 512.96418 494.20381 339.879557510591 -46.887790942678855 83733.414 81241.752 2491.6613 16.508777 0.0034423801
16 209.05555 481.07693 339.94854866216434 -46.88609721995566 104288.09 82097.522 22190.566 14.134579 0.0029343723
17 240.97618 468.10581 339.94144960002023 -46.88399988687038 87149.012 82304.709 4844.3034 15.786922 0.0033856511
18 252.32571 452.30101 339.9389496824871 -46.881497984395594 89352.292 82191.76 7160.5324 15.362637 0.0032008221
19 420.78217 451.49165 339.90077411190816 -46.881165358066696 115145.08 81200.895 33944.188 13.673086 0.0027386644
20 478.84569 447.05088 339.88745346936054 -46.88043245731415 99138.423 81146.991 17991.432 14.362336 0.0030336069
21 632.99684 417.7668 339.8516499887558 -46.87584609883195 358256.87 81855.928 276400.94 11.396151 0.0013379891
22 426.74239 378.91425 339.89952022766477 -46.8698011684382 85546.124 81419.104 4127.0201 15.960909 0.0033790249
23 512.50839 379.37551 339.87974095014977 -46.86984244260815 83874.492 81639.608 2234.8843 16.626862 0.0034285346
24 748.98068 345.26998 339.8242122962528 -46.8646400769443 86175.362 81077.993 5097.3689 15.731635 0.00334471
25 717.53164 321.95604 339.83166735820873 -46.860980412703654 90577.205 81250.803 9326.4019 15.075715 0.0032492418
26 489.70648 251.32379 339.8851945101856 -46.849846803513636 94962.827 81370.486 13592.341 14.666764 0.0031396637
27 893.95572 240.89902 339.7892403804789 -46.84867118476578 80705.053 80684.119 20.934303 21.697854 0.0035198734
28 779.97891 239.18032 339.81671456325086 -46.84819607774725 84974.237 80727.914 4246.3232 15.929967 0.0032377631
29 691.53247 236.85202 339.8378113948275 -46.84771568569777 83006.721 81107.457 1899.2638 16.803537 0.0034628114
30 242.83748 230.39426 339.9418371149308 -46.84669268600296 85813.827 82675.41 3138.4164 16.258224 0.0033752226
31 441.83557 221.44461 339.89634604413504 -46.84518063119284 84833.71 81813.293 3020.4168 16.299833 0.0034138124
32 963.55476 208.59296 339.77222596186016 -46.84383055751941 80406.602 80389.782 16.820313 21.935415 0.0035433606
33 761.29291 170.46331 339.8211530470637 -46.83749844653682 80894.701 80823.156 71.545467 20.363545 0.0035146939
34 777.20239 157.1914 339.8173289721709 -46.83546609775758 83556.027 80682.213 2873.8137 16.353853 0.0034503026
35 782.04449 150.44797 339.81616198525325 -46.83442859657389 83497.003 80674.892 2822.111 16.373565 0.0034541383
36 224.26962 146.56892 339.9463856755389 -46.833574650860236 84966.954 83018.546 1948.4083 16.7758 0.0033310149
37 180.70578 130.02025 339.95630639868426 -46.83102506663734 87595.75 83334.729 4261.0207 15.926216 0.0033259687
38 698.49646 124.93282 339.8361721151998 -46.83033087194162 84017.488 81180.022 2837.4666 16.367673 0.0034388519
39 19.384165 36.59104 339.9929576288067 -46.816583688132546 91522.528 86745.38 4777.1481 15.802078 0.00328985
