Tablas/Vv0019w.ecsv
# %ECSV 0.9
# ---
# datatype:
# - {name: id, datatype: int64, format: '%.8g'}
# - {name: xcenter, unit: pix, datatype: float64, format: '%.8g'}
# - {name: ycenter, unit: pix, datatype: float64, format: '%.8g'}
# - {name: sky_center.ra, unit: deg, datatype: float64}
# - {name: sky_center.dec, unit: deg, datatype: float64}
# - {name: aperture_sum, datatype: float64, format: '%.8g'}
# - {name: aper_bkg, datatype: float64, format: '%.8g'}
# - {name: aper_sum_bkgsub, datatype: float64, format: '%.8g'}
# - {name: inst_mag, datatype: float64, format: '%.8g'}
# - {name: inst_mag_err, datatype: float64, format: '%.8g'}
# meta: !!omap
# - {name: Aperture photometry results}
# - {version: 'astropy: 3.2.3, photutils: 0.7.2'}
# - {aperture_photometry_args: 'method=''exact'', subpixels=5'}
# - {filename: Vv0019w.fits}
# - {mjd: 58756.054259}
# - __serialized_columns__:
#     sky_center:
#       __class__: astropy.coordinates.sky_coordinate.SkyCoord
#       dec: !astropy.table.SerializedColumn
#         __class__: astropy.coordinates.angles.Latitude
#         unit: &id001 !astropy.units.Unit {unit: deg}
#         value: !astropy.table.SerializedColumn {name: sky_center.dec}
#       equinox: !astropy.time.Time {format: jyear, in_subfmt: '*', jd1: 2451545.0, jd2: 0.0, out_subfmt: '*', precision: 3, scale: tt}
#       frame: fk5
#       ra: !astropy.table.SerializedColumn
#         __class__: astropy.coordinates.angles.Longitude
#         unit: *id001
#         value: !astropy.table.SerializedColumn {name: sky_center.ra}
#         wrap_angle: !astropy.coordinates.Angle
#           unit: *id001
#           value: 360.0
#       representation_type: spherical
#     xcenter:
#       __class__: astropy.units.quantity.Quantity
#       __info__: {format: '%.8g'}
#       unit: &id002 !astropy.units.Unit {unit: pix}
#       value: !astropy.table.SerializedColumn {name: xcenter}
#     ycenter:
#       __class__: astropy.units.quantity.Quantity
#       __info__: {format: '%.8g'}
#       unit: *id002
#       value: !astropy.table.SerializedColumn {name: ycenter}
# schema: astropy-2.0
id xcenter ycenter sky_center.ra sky_center.dec aperture_sum aper_bkg aper_sum_bkgsub inst_mag inst_mag_err
1 286.86307 939.5708 339.9309116332052 -46.958963466049454 85889.436 80199.421 5690.0147 15.612217 0.0033040379
2 92.844407 921.09664 339.97534729282194 -46.9560703554799 83503.612 82425.597 1078.0142 17.418439 0.0034533149
3 828.31969 863.11968 339.8063180584164 -46.94610018595023 95268.247 78678.007 16590.241 14.450368 0.0031352823
4 966.37679 845.39039 339.7743848599585 -46.942926485111876 84142.655 79148.388 4994.2669 15.753821 0.0034458357
5 315.51775 835.04591 339.9244439002668 -46.94245405519429 310800.98 80683.286 230117.69 11.595125 0.0014427291
6 378.21522 819.25763 339.91007312865753 -46.93991908672667 81207.881 79905.165 1302.7165 17.212875 0.0035101844
7 132.84287 790.91732 339.96633241871183 -46.93555272663725 83227.015 81849.499 1377.5166 17.152258 0.0034730883
8 261.45509 744.75127 339.9369420881023 -46.928255637474635 147827.76 80757.494 67070.266 12.933675 0.0023151078
9 525.91195 716.16802 339.87625020596397 -46.92350777142691 81928.215 79801.36 2126.8555 16.680655 0.0033877089
10 597.7519 697.80877 339.8597350114747 -46.920505279732915 82614.438 79748.757 2865.6811 16.35693 0.0034834831
11 868.79291 646.82067 339.79724228355155 -46.91188491038585 95018.252 79402.804 15615.448 14.516114 0.0032366768
12 198.91353 630.66343 339.95141433252803 -46.91033256266307 82543.425 81119.242 1424.1826 17.116086 0.0034893239
13 348.53514 609.4115 339.9171538445837 -46.90691105138251 96266.281 80185.316 16080.965 14.48422 0.003043928
14 301.64836 505.09459 339.92806616081225 -46.89056608723786 83458.673 81070.681 2387.992 16.554918 0.0033580718
15 513.0061 488.85927 339.8795575105865 -46.88779094267845 82221.346 80750.321 1471.0246 17.08095 0.0035231088
16 212.44557 476.29569 339.94854866215985 -46.886097219955246 103905.73 81263.22 22642.514 14.112688 0.0029398626
17 243.54269 463.00557 339.94144960001574 -46.883999886869965 86710.433 81688.472 5021.9609 15.747817 0.0033421608
18 254.57245 447.08151 339.9389496824826 -46.88149798439518 83659.302 81731.734 1927.5688 16.787475 0.0034537136
19 421.0133 445.85822 339.9007741119037 -46.88116535806628 113403.45 80716.145 32687.309 13.714052 0.0027764332
20 479.01691 441.64737 339.88745346935605 -46.880432457313745 96323.739 80553.421 15770.318 14.505399 0.0031157742
21 634.79167 414.03269 339.8516499887513 -46.875846098831545 291170.11 81225.112 209945 11.694736 0.0015141998
22 427.03253 373.38794 339.8995202276603 -46.86980116843778 84846.061 80879.935 3966.1258 16.004084 0.0034166398
23 513.08305 374.39418 339.8797409501453 -46.86984244260774 83962.771 81160.343 2802.4282 16.381164 0.0033594174
24 754.32514 344.19031 339.82421229624833 -46.86464007694389 85636.503 80643.567 4992.9357 15.75411 0.0033899518
25 722.22406 320.35032 339.83166735820424 -46.86098041270324 89756.003 80684.273 9071.7302 15.105775 0.0032757074
26 490.44875 246.41869 339.8851945101811 -46.84984680351322 94530.065 81130.365 13399.7 14.682262 0.0031512062
27 906.52758 244.82941 339.7892403804744 -46.848671184765365 83072.227 80114.585 2957.6417 16.322636 0.0034455488
28 787.71655 239.69309 339.8167145632464 -46.848196077746856 84154.264 80284.817 3869.4476 16.030878 0.0034308414
29 696.34074 235.22708 339.837811394823 -46.847715685697366 82437.19 80356.726 2080.4641 16.704599 0.0034801891
30 243.76978 224.60026 339.94183711492633 -46.846692686002555 85093.872 82141.442 2952.43 16.324551 0.003398457
31 442.19242 216.13532 339.89634604413055 -46.845180631192434 84220.453 81118.606 3101.8471 16.270949 0.00341847
32 980.30218 215.36835 339.7722259618557 -46.843830557519006 84295.187 80160.255 4134.9319 15.958829 0.0034283065
33 769.13887 170.98007 339.8211530470592 -46.83749844653641 83063.499 80213.073 2850.4261 16.362726 0.0034299449
34 785.82436 158.24675 339.8173289721664 -46.83546609775716 83634.754 80183.689 3451.0643 16.155117 0.0033447455
35 790.94171 151.69172 339.8161619852488 -46.83442859657349 83140.399 80168.096 2972.303 16.317267 0.0033762579
36 224.67354 140.49289 339.94638567553443 -46.83357465085982 84307.166 82109.774 2197.3919 16.645231 0.003416986
37 181.47657 124.01123 339.95630639867977 -46.83102506663694 86672.966 82760.556 3912.4101 16.018889 0.003336572
38 704.50521 124.10251 339.8361721151953 -46.8303308719412 82007.286 80285.988 1721.2984 16.91036 0.0034917306
39 21.959373 31.170756 339.99295762880223 -46.81658368813214 90930.075 54451.306 36478.77 13.5949 0.024208455
