Tablas/Vv0029w.ecsv
# %ECSV 0.9
# ---
# datatype:
# - {name: id, datatype: int64, format: '%.8g'}
# - {name: xcenter, unit: pix, datatype: float64, format: '%.8g'}
# - {name: ycenter, unit: pix, datatype: float64, format: '%.8g'}
# - {name: celestial_center.ra, unit: deg, datatype: float64}
# - {name: celestial_center.dec, unit: deg, datatype: float64}
# - {name: aperture_sum, datatype: float64, format: '%.8g'}
# - {name: aper_bkg, datatype: float64, format: '%.8g'}
# - {name: aper_sum_bkgsub, datatype: float64, format: '%.8g'}
# - {name: inst_mag, datatype: float64, format: '%.8g'}
# - {name: inst_mag_err, datatype: float64, format: '%.8g'}
# meta: !!omap
# - {name: Aperture photometry results}
# - {version: 'astropy: 3.2.3, photutils: 0.6'}
# - {aperture_photometry_args: 'method=''exact'', subpixels=5'}
# - {filename: Vv0029w.fits}
# - {mjd: 58756.065463}
# - __serialized_columns__:
#     celestial_center:
#       __class__: astropy.coordinates.sky_coordinate.SkyCoord
#       dec: !astropy.table.SerializedColumn
#         __class__: astropy.coordinates.angles.Latitude
#         unit: &id001 !astropy.units.Unit {unit: deg}
#         value: !astropy.table.SerializedColumn {name: celestial_center.dec}
#       equinox: !astropy.time.Time {format: jyear, in_subfmt: '*', jd1: 2451545.0, jd2: 0.0, out_subfmt: '*', precision: 3, scale: tt}
#       frame: fk5
#       ra: !astropy.table.SerializedColumn
#         __class__: astropy.coordinates.angles.Longitude
#         unit: *id001
#         value: !astropy.table.SerializedColumn {name: celestial_center.ra}
#         wrap_angle: !astropy.coordinates.Angle
#           unit: *id001
#           value: 360.0
#       representation_type: spherical
#     xcenter:
#       __class__: astropy.units.quantity.Quantity
#       __info__: {format: '%.8g'}
#       unit: &id002 !astropy.units.Unit {unit: pix}
#       value: !astropy.table.SerializedColumn {name: xcenter}
#     ycenter:
#       __class__: astropy.units.quantity.Quantity
#       __info__: {format: '%.8g'}
#       unit: *id002
#       value: !astropy.table.SerializedColumn {name: ycenter}
# schema: astropy-2.0
id xcenter ycenter celestial_center.ra celestial_center.dec aperture_sum aper_bkg aper_sum_bkgsub inst_mag inst_mag_err
1 288.87827 938.61353 339.9309116332097 -46.95896346604986 84501.32 79130.308 5371.0124 15.67486 0.0033249357
2 96.332145 918.86889 339.9753472928264 -46.95607035548032 81964.888 81150.599 814.28875 17.723054 0.0034143324
3 830.65269 860.97572 339.8063180584209 -46.946100185950634 93872.929 77182.179 16690.749 14.44381 0.0031567947
4 969.6831 841.98581 339.774384859963 -46.94292648511229 82722.92 78221.386 4501.5342 15.866599 0.0034748065
5 317.86614 833.70413 339.9244439002713 -46.9424540551947 307070.94 79258.344 227812.6 11.606056 0.0014509495
6 380.37883 818.01718 339.910073128662 -46.93991908672707 79855.826 78735.605 1120.2201 17.376742 0.0034690671
7 136.46466 788.49715 339.9663324187163 -46.93555272663767 82093.288 80659.989 1433.2986 17.109158 0.0033971386
8 264.3569 742.90499 339.9369420881068 -46.92825563747505 146964.99 79405.341 67559.649 12.925782 0.0022848584
9 528.15544 714.61444 339.87625020596846 -46.92350777142732 80727.099 78690.307 2036.7919 16.727633 0.003447313
10 600.07779 696.05347 339.8597350114792 -46.92050527973333 80926.741 78687.565 2239.1763 16.624779 0.0035307281
11 872.27306 643.397 339.79724228355605 -46.911884910386256 93025.747 78283.473 14742.274 14.578589 0.0031848091
12 202.36148 628.31871 339.9514143325325 -46.91033256266348 81612.419 79734.404 1878.0155 16.815752 0.0034964408
13 351.29608 607.5709 339.9171538445882 -46.90691105138291 94668.869 79222.462 15446.407 14.527931 0.0030663712
14 304.59441 503.10497 339.92806616081674 -46.89056608723827 82371.285 80095.606 2275.6788 16.607223 0.003402835
15 515.54602 486.97596 339.879557510591 -46.887790942678855 80436.095 79233.675 1202.42 17.299859 0.0035686677
16 215.78203 474.01392 339.94854866216434 -46.88609721995566 102529.56 80175.158 22354.397 14.126593 0.0029139228
17 246.70184 460.86277 339.94144960002023 -46.88399988687038 84938.921 80604.41 4334.5112 15.90765 0.0033705683
18 257.65696 444.99675 339.9389496824871 -46.881497984395594 82374.842 80371.791 2003.0509 16.74577 0.0034841218
19 423.58891 444.06556 339.90077411190816 -46.881165358066696 111804.03 79645.848 32158.186 13.731771 0.0027372537
20 481.53316 439.82781 339.88745346936054 -46.88043245731415 94228.165 79305.698 14922.467 14.565398 0.0030761836
21 637.45134 411.80874 339.8516499887558 -46.87584609883195 289886.84 80158.841 209728 11.695859 0.0015182522
22 429.48779 371.6885 339.89952022766477 -46.8698011684382 83387.896 79844.398 3543.4984 16.126419 0.0033563557
23 515.50695 372.59679 339.87974095014977 -46.86984244260815 82483.496 79828.143 2655.3529 16.439694 0.0034665463
24 757.35196 341.35948 339.8242122962528 -46.8646400769443 84029.424 79289.214 4740.2099 15.810506 0.0034159891
25 725.05739 317.76686 339.83166735820873 -46.860980412703654 87945.821 79694.852 8250.9682 15.208738 0.0032431304
26 492.52267 244.9715 339.8851945101856 -46.849846803513636 92869.628 79706.719 13162.909 14.70162 0.0031973689
27 910.35336 240.85633 339.7892403804789 -46.84867118476578 81979.72 79076.798 2902.922 16.342912 0.0034884379
28 790.69598 236.8114 339.81671456325086 -46.84819607774725 82941.349 79265.116 3676.2332 16.086492 0.0034717331
29 698.84478 232.9953 339.8378113948275 -46.84771568569777 81162.905 79258.283 1904.6222 16.800478 0.003528317
30 246.23216 223.09566 339.9418371149308 -46.84669268600296 83977.4 80861.8 3115.6001 16.266146 0.0033491398
31 444.15412 214.86518 339.89634604413504 -46.84518063119284 83001.113 79843 3158.1128 16.251431 0.0034504417
32 984.7047 210.64461 339.77222596186016 -46.84383055751941 82816.944 79092.462 3724.4821 16.072335 0.003492866
33 771.78093 168.45035 339.8211530470637 -46.83749844653682 81962.725 79145.827 2816.8976 16.375572 0.0034819651
34 788.51561 155.63048 339.8173289721709 -46.83546609775758 81818.039 79078.668 2739.3717 16.405873 0.0034030564
35 793.63827 149.0577 339.81616198525325 -46.83442859657389 81805.327 79083.012 2722.3153 16.412654 0.0034763922
36 226.78854 139.33662 339.9463856755389 -46.833574650860236 83099.098 81180.569 1918.5285 16.792579 0.0034617146
37 183.69827 122.7926 339.95630639868426 -46.83102506663734 86031.134 81631.798 4399.3359 15.891532 0.0032741624
38 706.61357 122.21634 339.8361721151998 -46.83033087194162 81542.992 79241.7 2301.2927 16.59507 0.0034236782
39 24.571399 29.693455 339.9929576288067 -46.816583688132546 89765.493 55091.001 34674.492 13.649975 0.024098593
