Tablas/Vv0024w.ecsv
# %ECSV 0.9
# ---
# datatype:
# - {name: id, datatype: int64, format: '%.8g'}
# - {name: xcenter, unit: pix, datatype: float64, format: '%.8g'}
# - {name: ycenter, unit: pix, datatype: float64, format: '%.8g'}
# - {name: celestial_center.ra, unit: deg, datatype: float64}
# - {name: celestial_center.dec, unit: deg, datatype: float64}
# - {name: aperture_sum, datatype: float64, format: '%.8g'}
# - {name: aper_bkg, datatype: float64, format: '%.8g'}
# - {name: aper_sum_bkgsub, datatype: float64, format: '%.8g'}
# - {name: inst_mag, datatype: float64, format: '%.8g'}
# - {name: inst_mag_err, datatype: float64, format: '%.8g'}
# meta: !!omap
# - {name: Aperture photometry results}
# - {version: 'astropy: 3.2.3, photutils: 0.6'}
# - {aperture_photometry_args: 'method=''exact'', subpixels=5'}
# - {filename: Vv0024w.fits}
# - {mjd: 58756.059861}
# - __serialized_columns__:
#     celestial_center:
#       __class__: astropy.coordinates.sky_coordinate.SkyCoord
#       dec: !astropy.table.SerializedColumn
#         __class__: astropy.coordinates.angles.Latitude
#         unit: &id001 !astropy.units.Unit {unit: deg}
#         value: !astropy.table.SerializedColumn {name: celestial_center.dec}
#       equinox: !astropy.time.Time {format: jyear, in_subfmt: '*', jd1: 2451545.0, jd2: 0.0, out_subfmt: '*', precision: 3, scale: tt}
#       frame: fk5
#       ra: !astropy.table.SerializedColumn
#         __class__: astropy.coordinates.angles.Longitude
#         unit: *id001
#         value: !astropy.table.SerializedColumn {name: celestial_center.ra}
#         wrap_angle: !astropy.coordinates.Angle
#           unit: *id001
#           value: 360.0
#       representation_type: spherical
#     xcenter:
#       __class__: astropy.units.quantity.Quantity
#       __info__: {format: '%.8g'}
#       unit: &id002 !astropy.units.Unit {unit: pix}
#       value: !astropy.table.SerializedColumn {name: xcenter}
#     ycenter:
#       __class__: astropy.units.quantity.Quantity
#       __info__: {format: '%.8g'}
#       unit: *id002
#       value: !astropy.table.SerializedColumn {name: ycenter}
# schema: astropy-2.0
id xcenter ycenter celestial_center.ra celestial_center.dec aperture_sum aper_bkg aper_sum_bkgsub inst_mag inst_mag_err
1 291.48977 937.87251 339.9309116332097 -46.95896346604986 85032.491 79456.245 5576.246 15.634145 0.0033687986
2 99.600654 915.29395 339.9753472928264 -46.95607035548032 83236.67 82085.353 1151.3178 17.347012 0.0034532549
3 832.89176 861.38631 339.8063180584209 -46.946100185950634 93604.358 77824.533 15779.826 14.504744 0.0031627008
4 972.51373 840.62079 339.774384859963 -46.94292648511229 83479.164 78635.915 4843.2486 15.787158 0.0034765332
5 319.62819 834.07897 339.9244439002713 -46.9424540551947 306691.3 80153.374 226537.93 11.612148 0.0014668409
6 381.93326 818.99245 339.910073128662 -46.93991908672707 80621.359 79337.406 1283.9533 17.228627 0.0035293624
7 138.50617 786.9951 339.9663324187163 -46.93555272663767 82882.281 81631.097 1251.1839 17.256697 0.0034632011
8 265.73115 743.34588 339.9369420881068 -46.92825563747505 146752.13 80107.016 66645.116 12.940579 0.0023218402
9 529.26038 716.34406 339.87625020596846 -46.92350777142732 81480.688 79260.667 2220.0207 16.634107 0.0035350534
10 601.25399 697.61902 339.8597350114792 -46.92050527973333 82482.496 79236.305 3246.1906 16.221565 0.0033921152
11 874.50157 642.14847 339.79724228355605 -46.911884910386256 94160.072 79121.289 15038.783 14.556968 0.0031700823
12 203.40597 628.83325 339.9514143325325 -46.91033256266348 82278.932 80678.265 1600.6676 16.989247 0.0033749078
13 352.10066 609.18154 339.9171538445882 -46.90691105138291 95919.189 79677.718 16241.471 14.473437 0.0030438768
14 305.30542 504.75642 339.92806616081674 -46.89056608723827 82939.854 80667.694 2272.1594 16.608903 0.0033790846
15 516.52087 488.49388 339.879557510591 -46.887790942678855 81699.454 80177.747 1521.7073 17.044172 0.0034047595
16 216.53617 475.29772 339.94854866216434 -46.88609721995566 103345.15 80688.488 22656.661 14.11201 0.0028849673
17 247.43254 462.35205 339.94144960002023 -46.88399988687038 85541.982 81114.452 4427.53 15.884596 0.00338529
18 258.38964 446.56564 339.9389496824871 -46.881497984395594 83050.722 81174.976 1875.7452 16.817065 0.0033779048
19 424.44197 445.80378 339.90077411190816 -46.881165358066696 112938.69 80237.5 32701.185 13.713591 0.0027071164
20 482.51607 441.36787 339.88745346936054 -46.88043245731415 95324.728 79841.553 15483.175 14.52535 0.0030458763
21 639.07174 412.02156 339.8516499887558 -46.87584609883195 280542.79 80661.215 199881.58 11.748068 0.0015468433
22 430.53417 373.24433 339.89952022766477 -46.8698011684382 83962.576 80388.89 3573.6865 16.117209 0.0034286204
23 516.79502 373.68923 339.87974095014977 -46.86984244260815 83135.741 80576.071 2559.6705 16.47954 0.0033642997
24 760.00726 339.30202 339.8242122962528 -46.8646400769443 84440.773 80126.783 4313.9903 15.912802 0.0033973177
25 727.65221 316.01214 339.83166735820873 -46.860980412703654 89245.084 80144.032 9101.0522 15.102271 0.0032842996
26 494.36088 245.5465 339.8851945101856 -46.849846803513636 93736.246 80275.53 13460.716 14.67733 0.0030957121
27 915.02654 234.2764 339.7892403804789 -46.84867118476578 82794.099 79687.548 3106.5503 16.269304 0.0034801813
28 794.36999 232.92696 339.81671456325086 -46.84819607774725 83552.443 79693.029 3859.4139 16.033697 0.0033523801
29 701.87831 230.79939 339.8378113948275 -46.84771568569777 81678.76 80117.031 1561.7287 17.015986 0.0034156338
30 247.54797 224.64472 339.9418371149308 -46.84669268600296 84204.408 81618.377 2586.0306 16.468416 0.0033411783
31 445.99351 215.65326 339.89634604413504 -46.84518063119284 83671.059 80681.163 2989.8959 16.31086 0.003431518
32 990.42765 201.55114 339.77222596186016 -46.84383055751941 79807.604 79590.286 217.31861 19.157258 0.0035542265
33 775.93037 164.06738 339.8211530470637 -46.83749844653682 83012.66 79731.563 3281.0972 16.209952 0.0034623037
34 792.9326 150.70526 339.8173289721709 -46.83546609775758 83183.073 79749.885 3433.1874 16.160756 0.0033807196
35 798.16654 143.92399 339.81616198525325 -46.83442859657389 83033.762 79725.041 3308.7213 16.20085 0.0033692258
36 228.53423 140.71303 339.9463856755389 -46.833574650860236 83579.404 82053.112 1526.2922 17.040906 0.0034411349
37 185.48808 124.13734 339.95630639868426 -46.83102506663734 86280.523 82579.474 3701.0487 16.079188 0.0033523671
38 710.70609 118.56303 339.8361721151998 -46.83033087194162 83169.085 79880.731 3288.3539 16.207554 0.0035577964
39 26.88225 30.523437 339.9929576288067 -46.816583688132546 90108.167 85677.238 4430.9291 15.883763 0.0033331556
