Tablas/Vv0024w.ecsv
# %ECSV 0.9
# ---
# datatype:
# - {name: id, datatype: int64, format: '%.8g'}
# - {name: xcenter, unit: pix, datatype: float64, format: '%.8g'}
# - {name: ycenter, unit: pix, datatype: float64, format: '%.8g'}
# - {name: sky_center.ra, unit: deg, datatype: float64}
# - {name: sky_center.dec, unit: deg, datatype: float64}
# - {name: aperture_sum, datatype: float64, format: '%.8g'}
# - {name: aper_bkg, datatype: float64, format: '%.8g'}
# - {name: aper_sum_bkgsub, datatype: float64, format: '%.8g'}
# - {name: inst_mag, datatype: float64, format: '%.8g'}
# - {name: inst_mag_err, datatype: float64, format: '%.8g'}
# meta: !!omap
# - {name: Aperture photometry results}
# - {version: 'astropy: 3.2.3, photutils: 0.7.2'}
# - {aperture_photometry_args: 'method=''exact'', subpixels=5'}
# - {filename: Vv0024w.fits}
# - {mjd: 58756.059861}
# - __serialized_columns__:
#     sky_center:
#       __class__: astropy.coordinates.sky_coordinate.SkyCoord
#       dec: !astropy.table.SerializedColumn
#         __class__: astropy.coordinates.angles.Latitude
#         unit: &id001 !astropy.units.Unit {unit: deg}
#         value: !astropy.table.SerializedColumn {name: sky_center.dec}
#       equinox: !astropy.time.Time {format: jyear, in_subfmt: '*', jd1: 2451545.0, jd2: 0.0, out_subfmt: '*', precision: 3, scale: tt}
#       frame: fk5
#       ra: !astropy.table.SerializedColumn
#         __class__: astropy.coordinates.angles.Longitude
#         unit: *id001
#         value: !astropy.table.SerializedColumn {name: sky_center.ra}
#         wrap_angle: !astropy.coordinates.Angle
#           unit: *id001
#           value: 360.0
#       representation_type: spherical
#     xcenter:
#       __class__: astropy.units.quantity.Quantity
#       __info__: {format: '%.8g'}
#       unit: &id002 !astropy.units.Unit {unit: pix}
#       value: !astropy.table.SerializedColumn {name: xcenter}
#     ycenter:
#       __class__: astropy.units.quantity.Quantity
#       __info__: {format: '%.8g'}
#       unit: *id002
#       value: !astropy.table.SerializedColumn {name: ycenter}
# schema: astropy-2.0
id xcenter ycenter sky_center.ra sky_center.dec aperture_sum aper_bkg aper_sum_bkgsub inst_mag inst_mag_err
1 291.48977 937.87251 339.9309116332052 -46.958963466049454 85032.491 79456.245 5576.246 15.634145 0.0033687986
2 99.600654 915.29395 339.97534729282194 -46.9560703554799 83236.67 82085.353 1151.3178 17.347012 0.0034532549
3 832.89176 861.38631 339.8063180584164 -46.94610018595023 93604.358 77824.533 15779.826 14.504744 0.0031627008
4 972.51373 840.62079 339.7743848599585 -46.942926485111876 83479.164 78635.915 4843.2486 15.787158 0.0034765332
5 319.62819 834.07897 339.9244439002668 -46.94245405519429 306691.3 80153.374 226537.93 11.612148 0.0014668409
6 381.93326 818.99245 339.91007312865753 -46.93991908672667 80621.359 79337.406 1283.9533 17.228627 0.0035293624
7 138.50617 786.9951 339.96633241871183 -46.93555272663725 82882.281 81631.097 1251.1839 17.256697 0.0034632011
8 265.73115 743.34588 339.9369420881023 -46.928255637474635 146752.13 80107.016 66645.116 12.940579 0.0023218402
9 529.26038 716.34406 339.87625020596397 -46.92350777142691 81480.688 79260.667 2220.0207 16.634107 0.0035350534
10 601.25399 697.61902 339.8597350114747 -46.920505279732915 82482.496 79236.305 3246.1906 16.221565 0.0033921152
11 874.50157 642.14847 339.79724228355155 -46.91188491038585 94160.072 79121.289 15038.783 14.556968 0.0031700823
12 203.40597 628.83325 339.95141433252803 -46.91033256266307 82278.932 80678.265 1600.6676 16.989247 0.0033749078
13 352.10067 609.18154 339.9171538445837 -46.90691105138251 95919.189 79677.718 16241.471 14.473437 0.0030438768
14 305.30542 504.75642 339.92806616081225 -46.89056608723786 82939.854 80667.694 2272.1594 16.608903 0.0033790846
15 516.52087 488.49388 339.8795575105865 -46.88779094267845 81699.454 80177.747 1521.7073 17.044172 0.0034047595
16 216.53617 475.29772 339.94854866215985 -46.886097219955246 103345.15 80688.488 22656.661 14.11201 0.0028849673
17 247.43254 462.35205 339.94144960001574 -46.883999886869965 85541.982 81114.452 4427.53 15.884596 0.00338529
18 258.38964 446.56564 339.9389496824826 -46.88149798439518 83050.722 81174.976 1875.7452 16.817065 0.0033779048
19 424.44197 445.80378 339.9007741119037 -46.88116535806628 112938.69 80237.5 32701.185 13.713591 0.0027071164
20 482.51607 441.36787 339.88745346935605 -46.880432457313745 95324.728 79841.553 15483.175 14.52535 0.0030458763
21 639.07174 412.02156 339.8516499887513 -46.875846098831545 280542.79 80661.215 199881.58 11.748068 0.0015468433
22 430.53417 373.24433 339.8995202276603 -46.86980116843778 83962.576 80388.89 3573.6865 16.117209 0.0034286204
23 516.79502 373.68923 339.8797409501453 -46.86984244260774 83135.741 80576.071 2559.6705 16.47954 0.0033642997
24 760.00726 339.30202 339.82421229624833 -46.86464007694389 84440.773 80126.783 4313.9903 15.912802 0.0033973177
25 727.65221 316.01214 339.83166735820424 -46.86098041270324 89245.084 80144.032 9101.0522 15.102271 0.0032842996
26 494.36088 245.5465 339.8851945101811 -46.84984680351322 93736.247 80275.53 13460.716 14.67733 0.0030957121
27 915.02654 234.2764 339.7892403804744 -46.848671184765365 82794.099 79687.548 3106.5503 16.269304 0.0034801813
28 794.36999 232.92696 339.8167145632464 -46.848196077746856 83552.443 79693.029 3859.4139 16.033697 0.0033523801
29 701.87831 230.79939 339.837811394823 -46.847715685697366 81678.76 80117.031 1561.7287 17.015986 0.0034156338
30 247.54797 224.64472 339.94183711492633 -46.846692686002555 84204.408 81618.377 2586.0306 16.468416 0.0033411783
31 445.99351 215.65326 339.89634604413055 -46.845180631192434 83671.059 80681.163 2989.8959 16.31086 0.003431518
32 990.42765 201.55114 339.7722259618557 -46.843830557519006 79807.604 79590.286 217.31861 19.157258 0.0035542265
33 775.93037 164.06738 339.8211530470592 -46.83749844653641 83012.66 79731.563 3281.0972 16.209952 0.0034623037
34 792.9326 150.70526 339.8173289721664 -46.83546609775716 83183.073 79749.885 3433.1874 16.160756 0.0033807196
35 798.16654 143.92399 339.8161619852488 -46.83442859657349 83033.762 79725.041 3308.7213 16.20085 0.0033692258
36 228.53423 140.71303 339.94638567553443 -46.83357465085982 83579.404 82053.112 1526.2922 17.040906 0.0034411349
37 185.48808 124.13734 339.95630639867977 -46.83102506663694 86280.523 82579.474 3701.0487 16.079188 0.0033523671
38 710.70609 118.56303 339.8361721151953 -46.8303308719412 83169.085 79880.731 3288.3539 16.207554 0.0035577964
39 26.88225 30.523437 339.99295762880223 -46.81658368813214 90108.167 85677.238 4430.9291 15.883763 0.0033331556
