Tablas/Vv0023w.ecsv
# %ECSV 0.9
# ---
# datatype:
# - {name: id, datatype: int64, format: '%.8g'}
# - {name: xcenter, unit: pix, datatype: float64, format: '%.8g'}
# - {name: ycenter, unit: pix, datatype: float64, format: '%.8g'}
# - {name: celestial_center.ra, unit: deg, datatype: float64}
# - {name: celestial_center.dec, unit: deg, datatype: float64}
# - {name: aperture_sum, datatype: float64, format: '%.8g'}
# - {name: aper_bkg, datatype: float64, format: '%.8g'}
# - {name: aper_sum_bkgsub, datatype: float64, format: '%.8g'}
# - {name: inst_mag, datatype: float64, format: '%.8g'}
# - {name: inst_mag_err, datatype: float64, format: '%.8g'}
# meta: !!omap
# - {name: Aperture photometry results}
# - {version: 'astropy: 3.2.3, photutils: 0.6'}
# - {aperture_photometry_args: 'method=''exact'', subpixels=5'}
# - {filename: Vv0023w.fits}
# - {mjd: 58756.058738}
# - __serialized_columns__:
#     celestial_center:
#       __class__: astropy.coordinates.sky_coordinate.SkyCoord
#       dec: !astropy.table.SerializedColumn
#         __class__: astropy.coordinates.angles.Latitude
#         unit: &id001 !astropy.units.Unit {unit: deg}
#         value: !astropy.table.SerializedColumn {name: celestial_center.dec}
#       equinox: !astropy.time.Time {format: jyear, in_subfmt: '*', jd1: 2451545.0, jd2: 0.0, out_subfmt: '*', precision: 3, scale: tt}
#       frame: fk5
#       ra: !astropy.table.SerializedColumn
#         __class__: astropy.coordinates.angles.Longitude
#         unit: *id001
#         value: !astropy.table.SerializedColumn {name: celestial_center.ra}
#         wrap_angle: !astropy.coordinates.Angle
#           unit: *id001
#           value: 360.0
#       representation_type: spherical
#     xcenter:
#       __class__: astropy.units.quantity.Quantity
#       __info__: {format: '%.8g'}
#       unit: &id002 !astropy.units.Unit {unit: pix}
#       value: !astropy.table.SerializedColumn {name: xcenter}
#     ycenter:
#       __class__: astropy.units.quantity.Quantity
#       __info__: {format: '%.8g'}
#       unit: *id002
#       value: !astropy.table.SerializedColumn {name: ycenter}
# schema: astropy-2.0
id xcenter ycenter celestial_center.ra celestial_center.dec aperture_sum aper_bkg aper_sum_bkgsub inst_mag inst_mag_err
1 291.94574 937.02034 339.9309116332097 -46.95896346604986 84942.074 79672.062 5270.0117 15.695471 0.003400571
2 99.410466 916.65933 339.9753472928264 -46.95607035548032 83128.523 81785.355 1343.1681 17.179674 0.003364609
3 833.4174 861.00771 339.8063180584209 -46.946100185950634 93810.216 77832.921 15977.295 14.491242 0.0031612615
4 972.51159 842.15539 339.774384859963 -46.94292648511229 83376.526 78778.523 4598.003 15.843577 0.0034531651
5 320.36353 832.87041 339.9244439002713 -46.9424540551947 307250.34 80227.125 227023.21 11.609824 0.0014631189
6 382.7949 817.44542 339.910073128662 -46.93991908672707 80390.976 79239.411 1151.5652 17.346779 0.0034444938
7 138.82767 787.33863 339.9663324187163 -46.93555272663767 82938.036 81339.237 1598.7985 16.990516 0.0033802517
8 266.48565 742.40597 339.9369420881068 -46.92825563747505 147585.47 80212.319 67373.154 12.928783 0.0022827747
9 530.21957 714.80659 339.87625020596846 -46.92350777142732 80962.941 79248.959 1713.9816 16.914985 0.0035238499
10 602.12832 696.40184 339.8597350114792 -46.92050527973333 82294.293 78805.745 3488.5482 16.143388 0.0034845251
11 874.478 643.96911 339.79724228355605 -46.911884910386256 94437.973 79073.576 15364.397 14.533711 0.0031534546
12 204.14914 628.18108 339.9514143325325 -46.91033256266348 82139.358 80301.887 1837.4717 16.839448 0.0034821607
13 353.04506 607.83224 339.9171538445882 -46.90691105138291 95508.538 79681.498 15827.041 14.501501 0.0030635292
14 306.19048 503.58245 339.92806616081674 -46.89056608723827 82430.467 80345.594 2084.8726 16.702301 0.0034836819
15 517.25072 487.69713 339.879557510591 -46.887790942678855 81363.838 80158.061 1205.7771 17.296832 0.0034202551
16 217.3377 474.4166 339.94854866216434 -46.88609721995566 103167.36 80305.789 22861.575 14.102235 0.0028950625
17 248.25796 461.3477 339.94144960002023 -46.88399988687038 85664.346 80901.503 4762.8428 15.805334 0.0033868623
18 259.21216 445.53138 339.9389496824871 -46.881497984395594 83276.732 80819.828 2456.9038 16.52403 0.0034492933
19 425.22545 444.7815 339.90077411190816 -46.881165358066696 112905.01 80180.552 32724.462 13.712819 0.0027777836
20 483.21353 440.5821 339.88745346936054 -46.88043245731415 94957.719 79854.598 15103.12 14.552333 0.0031218237
21 639.30547 412.58029 339.8516499887558 -46.87584609883195 281439.09 80293.951 201145.14 11.741226 0.0015399406
22 431.17215 372.46598 339.89952022766477 -46.8698011684382 84000.456 80380.978 3619.4781 16.103385 0.0033673425
23 517.26843 373.38883 339.87974095014977 -46.86984244260815 82774.463 80319.931 2454.5312 16.525079 0.0034998431
24 759.47676 341.97995 339.8242122962528 -46.8646400769443 84144.45 79774.72 4369.7293 15.898864 0.0034377374
25 727.18115 318.39076 339.83166735820873 -46.860980412703654 89353.614 80109.251 9244.363 15.085308 0.0032712241
26 494.50583 245.69258 339.8851945101856 -46.849846803513636 93893.782 80347.003 13546.779 14.67041 0.0030983993
27 913.0384 240.96524 339.7892403804789 -46.84867118476578 82764.105 79623.361 3140.7444 16.257419 0.0033843511
28 793.15699 237.16173 339.81671456325086 -46.84819607774725 83240.969 79768.002 3472.9668 16.148248 0.0034490228
29 701.15662 233.48948 339.8378113948275 -46.84771568569777 81736.172 80012.554 1723.6185 16.908897 0.0034903784
30 248.04227 223.80722 339.9418371149308 -46.84669268600296 84693.63 81274.755 3418.8752 16.165292 0.0033183695
31 446.1662 215.57125 339.89634604413504 -46.84518063119284 83460.055 80743.386 2716.6688 16.414908 0.0033680401
32 987.66888 210.45074 339.77222596186016 -46.84383055751941 83717.79 79632.912 4084.878 15.972052 0.0034482217
33 774.46076 168.6297 339.8211530470637 -46.83749844653682 82341.791 79615.191 2726.5997 16.410947 0.0034489476
34 791.28253 155.7288 339.8173289721709 -46.83546609775758 82539.94 79544.254 2995.6862 16.308759 0.0034709127
35 796.44415 149.12049 339.81616198525325 -46.83442859657389 82372.548 79321.07 3051.4785 16.288724 0.003475135
36 228.83438 139.98422 339.9463856755389 -46.833574650860236 83638.029 81762.851 1875.1776 16.817394 0.0033590535
37 185.76981 123.41366 339.95630639868426 -46.83102506663734 86164.252 82337.089 3827.1635 16.042807 0.0033615665
38 709.36955 122.37072 339.8361721151998 -46.83033087194162 82181.966 79692.351 2489.6147 16.50967 0.0034970646
39 26.914695 30.143211 339.9929576288067 -46.816583688132546 90003.52 85343.248 4660.2722 15.828972 0.0033583506
