Tablas/Vv0046w.ecsv
# %ECSV 0.9
# ---
# datatype:
# - {name: id, datatype: int64, format: '%.8g'}
# - {name: xcenter, unit: pix, datatype: float64, format: '%.8g'}
# - {name: ycenter, unit: pix, datatype: float64, format: '%.8g'}
# - {name: sky_center.ra, unit: deg, datatype: float64}
# - {name: sky_center.dec, unit: deg, datatype: float64}
# - {name: aperture_sum, datatype: float64, format: '%.8g'}
# - {name: aper_bkg, datatype: float64, format: '%.8g'}
# - {name: aper_sum_bkgsub, datatype: float64, format: '%.8g'}
# - {name: inst_mag, datatype: float64, format: '%.8g'}
# - {name: inst_mag_err, datatype: float64, format: '%.8g'}
# meta: !!omap
# - {name: Aperture photometry results}
# - {version: 'astropy: 3.2.3, photutils: 0.7.2'}
# - {aperture_photometry_args: 'method=''exact'', subpixels=5'}
# - {filename: Vv0046w.fits}
# - {mjd: 58756.084525}
# - __serialized_columns__:
#     sky_center:
#       __class__: astropy.coordinates.sky_coordinate.SkyCoord
#       dec: !astropy.table.SerializedColumn
#         __class__: astropy.coordinates.angles.Latitude
#         unit: &id001 !astropy.units.Unit {unit: deg}
#         value: !astropy.table.SerializedColumn {name: sky_center.dec}
#       equinox: !astropy.time.Time {format: jyear, in_subfmt: '*', jd1: 2451545.0, jd2: 0.0, out_subfmt: '*', precision: 3, scale: tt}
#       frame: fk5
#       ra: !astropy.table.SerializedColumn
#         __class__: astropy.coordinates.angles.Longitude
#         unit: *id001
#         value: !astropy.table.SerializedColumn {name: sky_center.ra}
#         wrap_angle: !astropy.coordinates.Angle
#           unit: *id001
#           value: 360.0
#       representation_type: spherical
#     xcenter:
#       __class__: astropy.units.quantity.Quantity
#       __info__: {format: '%.8g'}
#       unit: &id002 !astropy.units.Unit {unit: pix}
#       value: !astropy.table.SerializedColumn {name: xcenter}
#     ycenter:
#       __class__: astropy.units.quantity.Quantity
#       __info__: {format: '%.8g'}
#       unit: *id002
#       value: !astropy.table.SerializedColumn {name: ycenter}
# schema: astropy-2.0
id xcenter ycenter sky_center.ra sky_center.dec aperture_sum aper_bkg aper_sum_bkgsub inst_mag inst_mag_err
1 289.71846 939.54118 339.9309116332052 -46.958963466049454 84677.195 79210.395 5466.8003 15.655667 0.0034181334
2 97.157793 920.45248 339.97534729282194 -46.9560703554799 82414.058 81363.99 1050.068 17.446956 0.0033949178
3 831.56526 861.19099 339.8063180584164 -46.94610018595023 94594.949 77651.859 16943.091 14.427518 0.0031369072
4 970.60789 842.27279 339.7743848599585 -46.942926485111876 82805.513 78300.259 4505.2537 15.865702 0.003471634
5 318.76073 834.63157 339.9244439002668 -46.94245405519429 311209.23 79609.718 231599.51 11.588156 0.0014529731
6 381.28989 818.80891 339.91007312865753 -46.93991908672667 79942.059 79150.727 791.33192 17.754103 0.003550384
7 137.33712 789.96538 339.96633241871183 -46.93555272663725 82259.395 81067.855 1191.5402 17.309728 0.0034726681
8 265.27145 744.00839 339.9369420881023 -46.928255637474635 147794.67 79572.438 68222.228 12.915185 0.0023181128
9 529.13619 715.23675 339.87625020596397 -46.92350777142691 80774.772 78748.208 2026.5637 16.733099 0.0034462051
10 601.07973 696.61882 339.8597350114747 -46.920505279732915 81623.579 78737.459 2886.1205 16.349214 0.0035010577
11 873.34549 643.99599 339.79724228355155 -46.91188491038585 94208.77 78588.272 15620.498 14.515763 0.0031609783
12 203.27468 629.58302 339.95141433252803 -46.91033256266307 82038.895 80131.793 1907.102 16.799065 0.0034018289
13 352.26112 608.50882 339.9171538445837 -46.90691105138251 94818.502 79327.703 15490.799 14.524815 0.0030711277
14 305.54604 504.1148 339.92806616081225 -46.89056608723786 82625.071 80167.401 2457.6698 16.523691 0.0034699286
15 516.58079 487.72236 339.8795575105865 -46.88779094267845 80856.026 79589.151 1266.8747 17.243166 0.003426689
16 216.69124 475.18318 339.94854866215985 -46.886097219955246 102896.44 80234.813 22661.623 14.111772 0.0029016659
17 247.62331 461.96139 339.94144960001574 -46.883999886869965 85267.35 80360.446 4906.9039 15.772981 0.0033791471
18 258.58092 446.06539 339.9389496824826 -46.88149798439518 82285.93 80374.881 1911.0488 16.796821 0.0033935088
19 424.58787 444.89286 339.9007741119037 -46.88116535806628 111267.61 79615.904 31651.709 13.749007 0.0028068819
20 482.55648 440.60194 339.88745346935605 -46.880432457313745 93876.287 79636.061 14240.226 14.616208 0.0030955999
21 638.53862 412.52998 339.8516499887513 -46.875846098831545 367682.66 80152.533 287530.13 11.353292 0.001316116
22 430.4825 372.4901 339.8995202276603 -46.86980116843778 83614.869 80130.962 3483.9072 16.144834 0.0033677734
23 516.54233 373.3434 339.8797409501453 -46.86984244260774 82580.386 80095.404 2484.982 16.511692 0.0034528024
24 758.49278 342.15281 339.82421229624833 -46.86464007694389 84028.091 79628.428 4399.6632 15.891451 0.0034496315
25 726.18541 318.54253 339.83166735820424 -46.86098041270324 88270.665 79444.445 8826.22 15.135563 0.0033009323
26 493.52375 245.67945 339.8851945101811 -46.84984680351322 93571.434 80183.085 13388.349 14.683182 0.0031819449
27 911.56647 241.88684 339.7892403804744 -46.848671184765365 82051.291 79287.003 2764.2885 16.396042 0.003415216
28 791.85301 237.66404 339.8167145632464 -46.848196077746856 83010.809 79640.872 3369.9371 16.180946 0.0033726817
29 699.95531 233.75618 339.837811394823 -46.847715685697366 81219.639 79411.198 1808.4406 16.856739 0.0035214176
30 247.07438 223.98032 339.94183711492633 -46.846692686002555 84082.961 81133.877 2949.0842 16.325782 0.003322855
31 445.1173 215.56805 339.89634604413055 -46.845180631192434 83415.24 80208.72 3206.5209 16.234915 0.0034469836
32 985.95321 211.83832 339.7722259618557 -46.843830557519006 82972.967 79149.859 3823.1078 16.043959 0.0034756647
33 772.92091 169.28088 339.8211530470592 -46.83749844653641 81991.98 79268.011 2723.9687 16.411995 0.0033999599
34 789.6627 156.48241 339.8173289721664 -46.83546609775716 82063.555 79267.697 2795.8578 16.383712 0.0034110592
35 794.7871 149.91633 339.8161619852488 -46.83442859657349 81912.914 79247.227 2665.6864 16.435477 0.0034143465
36 227.56942 140.13138 339.94638567553443 -46.83357465085982 83081.763 81298.751 1783.0114 16.872115 0.0033871112
37 184.43629 123.61843 339.95630639867977 -46.83102506663694 85882.815 81684.901 4197.9135 15.942416 0.0032921795
38 707.70571 122.95798 339.8361721151953 -46.8303308719412 84410.106 79259.981 5150.125 15.720456 0.0033479229
39 25.103528 30.601594 339.99295762880223 -46.81658368813214 89733.754 84815.873 4917.8809 15.770555 0.0034123906
