Tablas/Vv0003w.ecsv
# %ECSV 0.9
# ---
# datatype:
# - {name: id, datatype: int64, format: '%.8g'}
# - {name: xcenter, unit: pix, datatype: float64, format: '%.8g'}
# - {name: ycenter, unit: pix, datatype: float64, format: '%.8g'}
# - {name: sky_center.ra, unit: deg, datatype: float64}
# - {name: sky_center.dec, unit: deg, datatype: float64}
# - {name: aperture_sum, datatype: float64, format: '%.8g'}
# - {name: aper_bkg, datatype: float64, format: '%.8g'}
# - {name: aper_sum_bkgsub, datatype: float64, format: '%.8g'}
# - {name: inst_mag, datatype: float64, format: '%.8g'}
# - {name: inst_mag_err, datatype: float64, format: '%.8g'}
# meta: !!omap
# - {name: Aperture photometry results}
# - {version: 'astropy: 3.2.3, photutils: 0.7.2'}
# - {aperture_photometry_args: 'method=''exact'', subpixels=5'}
# - {filename: Vv0003w.fits}
# - {mjd: 58756.036319}
# - __serialized_columns__:
#     sky_center:
#       __class__: astropy.coordinates.sky_coordinate.SkyCoord
#       dec: !astropy.table.SerializedColumn
#         __class__: astropy.coordinates.angles.Latitude
#         unit: &id001 !astropy.units.Unit {unit: deg}
#         value: !astropy.table.SerializedColumn {name: sky_center.dec}
#       equinox: !astropy.time.Time {format: jyear, in_subfmt: '*', jd1: 2451545.0, jd2: 0.0, out_subfmt: '*', precision: 3, scale: tt}
#       frame: fk5
#       ra: !astropy.table.SerializedColumn
#         __class__: astropy.coordinates.angles.Longitude
#         unit: *id001
#         value: !astropy.table.SerializedColumn {name: sky_center.ra}
#         wrap_angle: !astropy.coordinates.Angle
#           unit: *id001
#           value: 360.0
#       representation_type: spherical
#     xcenter:
#       __class__: astropy.units.quantity.Quantity
#       __info__: {format: '%.8g'}
#       unit: &id002 !astropy.units.Unit {unit: pix}
#       value: !astropy.table.SerializedColumn {name: xcenter}
#     ycenter:
#       __class__: astropy.units.quantity.Quantity
#       __info__: {format: '%.8g'}
#       unit: *id002
#       value: !astropy.table.SerializedColumn {name: ycenter}
# schema: astropy-2.0
id xcenter ycenter sky_center.ra sky_center.dec aperture_sum aper_bkg aper_sum_bkgsub inst_mag inst_mag_err
1 284.61627 944.96704 339.9309116332052 -46.958963466049454 86660.417 81147.174 5513.2431 15.646482 0.0032636139
2 81.470851 922.37085 339.97534729282194 -46.9560703554799 83202.755 83295.332 -92.577548 nan 0.0033478342
3 829.93688 867.83297 339.8063180584164 -46.94610018595023 95657.292 79114.026 16543.266 14.453447 0.0031136586
4 964.1567 847.11849 339.7743848599585 -46.942926485111876 84762.183 79674.318 5087.8643 15.733661 0.0034211014
5 314.06931 840.69871 339.9244439002668 -46.94245405519429 308420.33 81264.329 227156 11.609189 0.0014472559
6 378.38337 825.50436 339.91007312865753 -46.93991908672667 82016.775 80706.411 1310.3636 17.20652 0.0034875587
7 124.4525 793.54078 339.96633241871183 -46.93555272663725 82921.866 83107.52 -185.65459 nan 0.0034530439
8 258.34149 749.67938 339.9369420881023 -46.928255637474635 147844.03 81195.867 66648.166 12.940529 0.0022787069
9 527.44711 722.42755 339.87625020596397 -46.92350777142691 82325.891 80270.792 2055.0993 16.717918 0.0033757755
10 599.15499 703.63136 339.8597350114747 -46.920505279732915 83185.654 80321.281 2864.3733 16.357426 0.003367588
11 864.95398 648.21304 339.79724228355155 -46.91188491038585 95421.535 80111.524 15310.011 14.537561 0.0031246756
12 194.17307 634.88266 339.95141433252803 -46.91033256266307 83331.587 82114.971 1216.6157 17.287116 0.0034557747
13 347.65911 615.1081 339.9171538445837 -46.90691105138251 97358.938 80775.652 16583.286 14.450824 0.003079247
14 300.06836 510.53387 339.92806616081225 -46.89056608723786 84482.187 81715.731 2766.4555 16.395191 0.0033350146
15 512.96418 494.20381 339.8795575105865 -46.88779094267845 83733.414 81241.752 2491.6613 16.508778 0.0034423801
16 209.05555 481.07693 339.94854866215985 -46.886097219955246 104288.09 82097.522 22190.566 14.134579 0.0029343723
17 240.97618 468.10581 339.94144960001574 -46.883999886869965 87149.012 82304.709 4844.3034 15.786922 0.0033856511
18 252.32571 452.30101 339.9389496824826 -46.88149798439518 89352.292 82191.76 7160.5323 15.362637 0.0032008221
19 420.78217 451.49165 339.9007741119037 -46.88116535806628 115145.08 81200.895 33944.188 13.673086 0.0027386644
20 478.84569 447.05088 339.88745346935605 -46.880432457313745 99138.423 81146.991 17991.432 14.362336 0.0030336069
21 632.99684 417.7668 339.8516499887513 -46.875846098831545 358256.87 81855.928 276400.94 11.396151 0.0013379891
22 426.74239 378.91425 339.8995202276603 -46.86980116843778 85546.124 81419.104 4127.0201 15.960909 0.0033790249
23 512.50839 379.37551 339.8797409501453 -46.86984244260774 83874.492 81639.608 2234.8843 16.626862 0.0034285346
24 748.98068 345.26998 339.82421229624833 -46.86464007694389 86175.362 81077.993 5097.3689 15.731635 0.00334471
25 717.53164 321.95604 339.83166735820424 -46.86098041270324 90577.205 81250.803 9326.4019 15.075715 0.0032492418
26 489.70648 251.32379 339.8851945101811 -46.84984680351322 94962.827 81370.486 13592.341 14.666764 0.0031396637
27 893.95572 240.89902 339.7892403804744 -46.848671184765365 80705.053 80684.119 20.934302 21.697854 0.0035198734
28 779.97891 239.18032 339.8167145632464 -46.848196077746856 84974.237 80727.914 4246.3232 15.929967 0.0032377631
29 691.53247 236.85202 339.837811394823 -46.847715685697366 83006.721 81107.457 1899.2638 16.803537 0.0034628114
30 242.83748 230.39426 339.94183711492633 -46.846692686002555 85813.827 82675.41 3138.4164 16.258224 0.0033752226
31 441.83557 221.44461 339.89634604413055 -46.845180631192434 84833.709 81813.293 3020.4168 16.299833 0.0034138124
32 963.55476 208.59296 339.7722259618557 -46.843830557519006 80406.603 80389.782 16.820314 21.935415 0.0035433606
33 761.29291 170.46331 339.8211530470592 -46.83749844653641 80894.701 80823.156 71.545469 20.363545 0.0035146939
34 777.20239 157.1914 339.8173289721664 -46.83546609775716 83556.027 80682.213 2873.8137 16.353853 0.0034503026
35 782.04449 150.44797 339.8161619852488 -46.83442859657349 83497.003 80674.892 2822.111 16.373565 0.0034541383
36 224.26962 146.56892 339.94638567553443 -46.83357465085982 84966.954 83018.546 1948.4083 16.7758 0.0033310149
37 180.70578 130.02025 339.95630639867977 -46.83102506663694 87595.75 83334.729 4261.0207 15.926216 0.0033259687
38 698.49646 124.93282 339.8361721151953 -46.8303308719412 84017.488 81180.022 2837.4666 16.367673 0.0034388519
39 19.384165 36.59104 339.99295762880223 -46.81658368813214 91522.528 86745.38 4777.1481 15.802078 0.00328985
