Tablas/Vv0043w.ecsv
# %ECSV 0.9
# ---
# datatype:
# - {name: id, datatype: int64, format: '%.8g'}
# - {name: xcenter, unit: pix, datatype: float64, format: '%.8g'}
# - {name: ycenter, unit: pix, datatype: float64, format: '%.8g'}
# - {name: celestial_center.ra, unit: deg, datatype: float64}
# - {name: celestial_center.dec, unit: deg, datatype: float64}
# - {name: aperture_sum, datatype: float64, format: '%.8g'}
# - {name: aper_bkg, datatype: float64, format: '%.8g'}
# - {name: aper_sum_bkgsub, datatype: float64, format: '%.8g'}
# - {name: inst_mag, datatype: float64, format: '%.8g'}
# - {name: inst_mag_err, datatype: float64, format: '%.8g'}
# meta: !!omap
# - {name: Aperture photometry results}
# - {version: 'astropy: 3.2.3, photutils: 0.6'}
# - {aperture_photometry_args: 'method=''exact'', subpixels=5'}
# - {filename: Vv0043w.fits}
# - {mjd: 58756.081157}
# - __serialized_columns__:
#     celestial_center:
#       __class__: astropy.coordinates.sky_coordinate.SkyCoord
#       dec: !astropy.table.SerializedColumn
#         __class__: astropy.coordinates.angles.Latitude
#         unit: &id001 !astropy.units.Unit {unit: deg}
#         value: !astropy.table.SerializedColumn {name: celestial_center.dec}
#       equinox: !astropy.time.Time {format: jyear, in_subfmt: '*', jd1: 2451545.0, jd2: 0.0, out_subfmt: '*', precision: 3, scale: tt}
#       frame: fk5
#       ra: !astropy.table.SerializedColumn
#         __class__: astropy.coordinates.angles.Longitude
#         unit: *id001
#         value: !astropy.table.SerializedColumn {name: celestial_center.ra}
#         wrap_angle: !astropy.coordinates.Angle
#           unit: *id001
#           value: 360.0
#       representation_type: spherical
#     xcenter:
#       __class__: astropy.units.quantity.Quantity
#       __info__: {format: '%.8g'}
#       unit: &id002 !astropy.units.Unit {unit: pix}
#       value: !astropy.table.SerializedColumn {name: xcenter}
#     ycenter:
#       __class__: astropy.units.quantity.Quantity
#       __info__: {format: '%.8g'}
#       unit: *id002
#       value: !astropy.table.SerializedColumn {name: ycenter}
# schema: astropy-2.0
id xcenter ycenter celestial_center.ra celestial_center.dec aperture_sum aper_bkg aper_sum_bkgsub inst_mag inst_mag_err
1 292.71256 937.70385 339.9309116332097 -46.95896346604986 84811.579 79294.415 5517.1644 15.64571 0.0033021279
2 100.18927 915.94877 339.9753472928264 -46.95607035548032 82701.913 81319.6 1382.3128 17.148484 0.0033650874
3 834.65839 862.14998 339.8063180584209 -46.946100185950634 93323.269 77762.258 15561.011 14.519905 0.00318188
4 973.98455 842.41776 339.774384859963 -46.94292648511229 82997.411 78253.888 4743.5227 15.809748 0.0034714565
5 321.19044 833.94393 339.9244439002713 -46.9424540551947 308768.1 79740.116 229027.98 11.600279 0.0014493038
6 383.65239 818.77799 339.910073128662 -46.93991908672707 80219.896 79093.248 1126.6477 17.37053 0.0034454335
7 139.6544 787.47862 339.9663324187163 -46.93555272663767 82242.486 81149.347 1093.1395 17.403311 0.0034767578
8 267.34062 743.39336 339.9369420881068 -46.92825563747505 147256.61 79758.146 67498.461 12.926765 0.0023301642
9 531.22337 716.3025 339.87625020596846 -46.92350777142732 81071.554 78781.552 2290.0025 16.60041 0.0035153099
10 603.20661 697.7666 339.8597350114792 -46.92050527973333 81817.601 79160.217 2657.3847 16.438864 0.0035010695
11 875.94257 643.80269 339.79724228355605 -46.911884910386256 93859.468 78628.882 15230.586 14.543208 0.0030956297
12 205.03765 629.07289 339.9514143325325 -46.91033256266348 81605.188 80172.368 1432.8203 17.109521 0.0034320007
13 353.98744 609.15225 339.9171538445882 -46.90691105138291 95350.129 79675.437 15674.692 14.512002 0.0030568963
14 307.1522 504.78733 339.92806616081674 -46.89056608723827 82491.317 80056.538 2434.7796 16.533851 0.0034694612
15 518.35877 488.67582 339.879557510591 -46.887790942678855 80780.014 79791.544 988.47062 17.512591 0.0035232489
16 218.27902 475.46348 339.94854866216434 -46.88609721995566 102863.11 80271.9 22591.206 14.115151 0.0029651042
17 249.21207 462.45238 339.94144960002023 -46.88399988687038 85244.273 80684.944 4559.3294 15.852748 0.0033848571
18 260.17487 446.64317 339.9389496824871 -46.881497984395594 82345.564 80763.387 1582.1773 17.001862 0.0033796389
19 426.27743 445.85016 339.90077411190816 -46.881165358066696 111910.79 79825.055 32085.736 13.73422 0.00272687
20 484.31276 441.50642 339.88745346936054 -46.88043245731415 94328.873 79701.047 14627.826 14.587051 0.0030693521
21 640.57912 412.70081 339.8516499887558 -46.87584609883195 351858.25 80290.464 271567.79 11.415304 0.0013518343
22 432.25647 373.31504 339.89952022766477 -46.8698011684382 83329.255 80155.341 3173.9138 16.246012 0.0034477949
23 518.42716 373.94561 339.87974095014977 -46.86984244260815 82398.127 80162.913 2235.2143 16.626702 0.0033929671
24 760.95333 340.76399 339.8242122962528 -46.8646400769443 84156.985 79812.929 4344.0562 15.905261 0.0034400555
25 728.62195 317.29137 339.83166735820873 -46.860980412703654 88514.866 79734.251 8780.615 15.141188 0.0032104184
26 495.69288 245.77575 339.8851945101856 -46.849846803513636 93472.437 80288.309 13184.128 14.699871 0.0031748868
27 914.84289 237.20075 339.7892403804789 -46.84867118476578 82281.713 79185.069 3096.6436 16.272772 0.0034805836
28 794.74569 234.78952 339.81671456325086 -46.84819607774725 83162.787 79301.237 3861.5504 16.033096 0.0034437965
29 702.60245 232.00737 339.8378113948275 -46.84771568569777 81635.718 79619.793 2015.9254 16.738814 0.0035091897
30 249.05921 224.5894 339.9418371149308 -46.84669268600296 83813.626 81054.418 2759.2088 16.398039 0.0034301974
31 447.31826 215.75136 339.89634604413504 -46.84518063119284 83305.81 80317.949 2987.8612 16.311599 0.0034503469
32 989.64672 205.33238 339.77222596186016 -46.84383055751941 79464.98 79092.378 372.60249 18.571886 0.0035661674
33 776.05463 165.86991 339.8211530470637 -46.83749844653682 82218.245 79144.665 3073.5806 16.280888 0.0034102882
34 792.9118 152.65922 339.8173289721709 -46.83546609775758 82408.693 79186.436 3222.2573 16.229599 0.003478532
35 798.08586 145.92895 339.81616198525325 -46.83442859657389 82242.491 79143.565 3098.926 16.271972 0.0034798637
36 229.85955 140.57932 339.9463856755389 -46.833574650860236 83603.333 81271.224 2332.1086 16.580628 0.0033564139
37 186.78021 124.02517 339.95630639868426 -46.83102506663734 85799.753 81786.259 4013.4934 15.991194 0.0032931661
38 710.88073 119.92304 339.8361721151998 -46.83033087194162 82169 79701.26 2467.74 16.519251 0.003489492
39 27.899778 30.608431 339.9929576288067 -46.816583688132546 89782.73 85154.307 4628.4225 15.836418 0.0033197772
