Tablas/Vv0013w.ecsv
# %ECSV 0.9
# ---
# datatype:
# - {name: id, datatype: int64, format: '%.8g'}
# - {name: xcenter, unit: pix, datatype: float64, format: '%.8g'}
# - {name: ycenter, unit: pix, datatype: float64, format: '%.8g'}
# - {name: sky_center.ra, unit: deg, datatype: float64}
# - {name: sky_center.dec, unit: deg, datatype: float64}
# - {name: aperture_sum, datatype: float64, format: '%.8g'}
# - {name: aper_bkg, datatype: float64, format: '%.8g'}
# - {name: aper_sum_bkgsub, datatype: float64, format: '%.8g'}
# - {name: inst_mag, datatype: float64, format: '%.8g'}
# - {name: inst_mag_err, datatype: float64, format: '%.8g'}
# meta: !!omap
# - {name: Aperture photometry results}
# - {version: 'astropy: 3.2.3, photutils: 0.7.2'}
# - {aperture_photometry_args: 'method=''exact'', subpixels=5'}
# - {filename: Vv0013w.fits}
# - {mjd: 58756.047535}
# - __serialized_columns__:
#     sky_center:
#       __class__: astropy.coordinates.sky_coordinate.SkyCoord
#       dec: !astropy.table.SerializedColumn
#         __class__: astropy.coordinates.angles.Latitude
#         unit: &id001 !astropy.units.Unit {unit: deg}
#         value: !astropy.table.SerializedColumn {name: sky_center.dec}
#       equinox: !astropy.time.Time {format: jyear, in_subfmt: '*', jd1: 2451545.0, jd2: 0.0, out_subfmt: '*', precision: 3, scale: tt}
#       frame: fk5
#       ra: !astropy.table.SerializedColumn
#         __class__: astropy.coordinates.angles.Longitude
#         unit: *id001
#         value: !astropy.table.SerializedColumn {name: sky_center.ra}
#         wrap_angle: !astropy.coordinates.Angle
#           unit: *id001
#           value: 360.0
#       representation_type: spherical
#     xcenter:
#       __class__: astropy.units.quantity.Quantity
#       __info__: {format: '%.8g'}
#       unit: &id002 !astropy.units.Unit {unit: pix}
#       value: !astropy.table.SerializedColumn {name: xcenter}
#     ycenter:
#       __class__: astropy.units.quantity.Quantity
#       __info__: {format: '%.8g'}
#       unit: *id002
#       value: !astropy.table.SerializedColumn {name: ycenter}
# schema: astropy-2.0
id xcenter ycenter sky_center.ra sky_center.dec aperture_sum aper_bkg aper_sum_bkgsub inst_mag inst_mag_err
1 292.91578 938.92078 339.9309116332052 -46.958963466049454 85850.084 80296.013 5554.0711 15.638471 0.0033041555
2 100.63389 916.84458 339.97534729282194 -46.9560703554799 83650.619 82325.977 1324.6415 17.194754 0.003362078
3 834.98123 864.04682 339.8063180584164 -46.94610018595023 94325.472 78665.103 15660.37 14.512995 0.0031468527
4 974.5008 844.27108 339.7743848599585 -46.942926485111876 84088.368 79289.183 4799.1853 15.797081 0.003430571
5 321.52725 835.59491 339.9244439002668 -46.94245405519429 307179 81137.798 226041.2 11.614531 0.0014527977
6 383.98563 820.55825 339.91007312865753 -46.93991908672667 81493.328 80141.647 1351.6807 17.172815 0.0034236578
7 140.17317 788.99065 339.96633241871183 -46.93555272663725 83689.036 82103.318 1585.7186 16.999435 0.0033696811
8 267.82337 745.25102 339.9369420881023 -46.928255637474635 147786.13 80712.208 67073.924 12.933616 0.0023236685
9 531.73922 718.43455 339.87625020596397 -46.92350777142691 81942.515 79782.927 2159.588 16.664073 0.0034991677
10 603.79355 699.93761 339.8597350114747 -46.920505279732915 83184.354 79700.834 3483.5195 16.144954 0.0033480616
11 876.94382 645.84525 339.79724228355155 -46.91188491038585 95312.084 79468.981 15843.103 14.500399 0.0031378826
12 205.66005 631.15097 339.95141433252803 -46.91033256266307 83041.302 81194.38 1846.9224 16.833878 0.0034554755
13 354.62681 611.39064 339.9171538445837 -46.90691105138251 96134.493 80229.481 15905.013 14.496165 0.0030433176
14 307.89867 507.1451 339.92806616081225 -46.89056608723786 83350.525 81222.124 2128.4015 16.679866 0.0033452081
15 519.26769 491.0245 339.8795575105865 -46.88779094267845 82319.211 81155.101 1164.1104 17.335015 0.0034868127
16 219.02512 477.81717 339.94854866215985 -46.886097219955246 103624.46 81656.742 21967.715 14.145538 0.0029502395
17 249.97677 464.83316 339.94144960001574 -46.883999886869965 86760.039 81749.85 5010.1893 15.750365 0.003329909
18 260.9565 449.04118 339.9389496824826 -46.88149798439518 83954.179 81742.226 2211.9526 16.63806 0.0034087817
19 427.16467 448.24348 339.9007741119037 -46.88116535806628 114549.94 81131.546 33418.396 13.690036 0.0027602104
20 485.26017 443.8748 339.88745346935605 -46.880432457313745 96102.265 80812.753 15289.512 14.539016 0.0031270775
21 641.77246 414.91846 339.8516499887513 -46.875846098831545 310831.94 81348.029 229483.91 11.598119 0.0014566831
22 433.24082 375.69909 339.8995202276603 -46.86980116843778 84807.72 81203.239 3604.4804 16.107893 0.0033133629
23 519.51318 376.26383 339.8797409501453 -46.86984244260774 83586.018 81235.645 2350.3727 16.572158 0.0034355483
24 762.50608 342.69422 339.82421229624833 -46.86464007694389 85404.756 80778.652 4626.1046 15.836961 0.0033835453
25 730.15758 319.23956 339.83166735820424 -46.86098041270324 89690.989 80831.01 8859.9791 15.131418 0.0032474727
26 496.92098 247.97746 339.8851945101811 -46.84984680351322 94632.969 81278.575 13354.394 14.68594 0.0031505907
27 917.00672 238.49287 339.7892403804744 -46.848671184765365 83469.759 80253.986 3215.7731 16.231787 0.003456398
28 796.60082 236.39925 339.8167145632464 -46.848196077746856 83918.38 80623.703 3294.6774 16.205468 0.0035095394
29 704.24797 233.82297 339.837811394823 -46.847715685697366 82361.956 80647.677 1714.2787 16.914796 0.0034976649
30 249.98131 226.99381 339.94183711492633 -46.846692686002555 85707.825 82267.148 3440.6762 16.158391 0.0033760986
31 448.50439 217.96912 339.89634604413055 -46.845180631192434 84934.731 81351.169 3583.5617 16.114213 0.0033978339
32 992.11164 206.27764 339.7722259618557 -46.843830557519006 80403.117 80209.156 193.96157 19.280711 0.0035439898
33 778.0042 167.32087 339.8211530470592 -46.83749844653641 83394.236 80616.706 2777.5295 16.390853 0.0034676255
34 794.9326 154.02021 339.8173289721664 -46.83546609775716 83641.711 80203.152 3438.5586 16.159059 0.0034248525
35 800.13435 147.25224 339.8161619852488 -46.83442859657349 83698.332 80251.66 3446.6721 16.1565 0.0034597926
36 230.79738 142.90964 339.94638567553443 -46.83357465085982 84208.138 82784.678 1423.4601 17.116637 0.0034220667
37 187.67213 126.36522 339.95630639867977 -46.83102506663694 87014.442 83136.145 3878.2972 16.028397 0.0032684322
38 712.74748 121.39668 339.8361721151953 -46.8303308719412 83523.253 80341.814 3181.4397 16.243441 0.0034576878
39 28.615944 32.916162 339.99295762880223 -46.81658368813214 90689.552 85914.845 4774.707 15.802633 0.0033261615
