Tablas/Vv0026w.ecsv
# %ECSV 0.9
# ---
# datatype:
# - {name: id, datatype: int64, format: '%.8g'}
# - {name: xcenter, unit: pix, datatype: float64, format: '%.8g'}
# - {name: ycenter, unit: pix, datatype: float64, format: '%.8g'}
# - {name: sky_center.ra, unit: deg, datatype: float64}
# - {name: sky_center.dec, unit: deg, datatype: float64}
# - {name: aperture_sum, datatype: float64, format: '%.8g'}
# - {name: aper_bkg, datatype: float64, format: '%.8g'}
# - {name: aper_sum_bkgsub, datatype: float64, format: '%.8g'}
# - {name: inst_mag, datatype: float64, format: '%.8g'}
# - {name: inst_mag_err, datatype: float64, format: '%.8g'}
# meta: !!omap
# - {name: Aperture photometry results}
# - {version: 'astropy: 3.2.3, photutils: 0.7.2'}
# - {aperture_photometry_args: 'method=''exact'', subpixels=5'}
# - {filename: Vv0026w.fits}
# - {mjd: 58756.062106}
# - __serialized_columns__:
#     sky_center:
#       __class__: astropy.coordinates.sky_coordinate.SkyCoord
#       dec: !astropy.table.SerializedColumn
#         __class__: astropy.coordinates.angles.Latitude
#         unit: &id001 !astropy.units.Unit {unit: deg}
#         value: !astropy.table.SerializedColumn {name: sky_center.dec}
#       equinox: !astropy.time.Time {format: jyear, in_subfmt: '*', jd1: 2451545.0, jd2: 0.0, out_subfmt: '*', precision: 3, scale: tt}
#       frame: fk5
#       ra: !astropy.table.SerializedColumn
#         __class__: astropy.coordinates.angles.Longitude
#         unit: *id001
#         value: !astropy.table.SerializedColumn {name: sky_center.ra}
#         wrap_angle: !astropy.coordinates.Angle
#           unit: *id001
#           value: 360.0
#       representation_type: spherical
#     xcenter:
#       __class__: astropy.units.quantity.Quantity
#       __info__: {format: '%.8g'}
#       unit: &id002 !astropy.units.Unit {unit: pix}
#       value: !astropy.table.SerializedColumn {name: xcenter}
#     ycenter:
#       __class__: astropy.units.quantity.Quantity
#       __info__: {format: '%.8g'}
#       unit: *id002
#       value: !astropy.table.SerializedColumn {name: ycenter}
# schema: astropy-2.0
id xcenter ycenter sky_center.ra sky_center.dec aperture_sum aper_bkg aper_sum_bkgsub inst_mag inst_mag_err
1 289.04943 939.51604 339.9309116332052 -46.958963466049454 84364.46 79146.084 5218.3761 15.706162 0.0033432737
2 87.971394 917.09614 339.97534729282194 -46.9560703554799 82362.466 81196.698 1165.7677 17.33347 0.00339923
3 831.89835 864.09815 339.8063180584164 -46.94610018595023 94065.568 77203.481 16862.087 14.432722 0.0031563693
4 966.25065 844.31199 339.7743848599585 -46.942926485111876 82756.526 77806.914 4949.6117 15.763572 0.0034768105
5 318.10108 835.26821 339.9244439002668 -46.94245405519429 307594.25 79288.535 228305.72 11.603708 0.0014641624
6 381.93908 820.15087 339.91007312865753 -46.93991908672667 79993.808 78616.339 1377.4684 17.152296 0.0034629016
7 130.11291 788.14136 339.96633241871183 -46.93555272663725 82105.997 80606.075 1499.9218 17.059828 0.0033914802
8 262.69855 744.24257 339.9369420881023 -46.928255637474635 145618.77 79213.025 66405.744 12.944486 0.0022953982
9 530.23072 717.52074 339.87625020596397 -46.92350777142691 80002.244 78312.876 1689.3685 16.930689 0.0034554666
10 601.72941 699.01562 339.8597350114747 -46.920505279732915 81647.934 78614.676 3033.2588 16.295226 0.0034985744
11 867.49518 645.16995 339.79724228355155 -46.91188491038585 93135.95 78172.163 14963.787 14.562396 0.0031158805
12 198.90122 629.47085 339.95141433252803 -46.91033256266307 81222.163 79825.096 1397.0668 17.136957 0.0035181512
13 351.31669 609.86244 339.9171538445837 -46.90691105138251 94533.466 78811.447 15722.019 14.508729 0.0031473585
14 303.98419 505.3166 339.92806616081225 -46.89056608723786 82269.005 79797.028 2471.9771 16.517389 0.0034758972
15 516.02672 489.59695 339.8795575105865 -46.88779094267845 80768.735 79303.003 1465.7323 17.084863 0.0036364275
16 213.52953 475.7779 339.94854866215985 -46.886097219955246 102224.98 79769.134 22455.843 14.121677 0.0029054878
17 245.23547 462.85133 339.94144960001574 -46.883999886869965 84763.575 80358.443 4405.1325 15.890103 0.003423099
18 256.51145 447.07816 339.9389496824826 -46.88149798439518 82391.87 80300.558 2091.3122 16.698953 0.0034812137
19 424.16989 446.6407 339.9007741119037 -46.88116535806628 111644.71 79383.769 32260.94 13.728307 0.0027308843
20 482.05919 442.40253 339.88745346935605 -46.880432457313745 94354.881 79306.143 15048.738 14.55625 0.0031535004
21 636.0347 413.86972 339.8516499887513 -46.875846098831545 282635.45 79820.881 202814.57 11.732252 0.0015394326
22 430.18845 374.21048 339.8995202276603 -46.86980116843778 83669.873 79768.325 3901.5477 16.021908 0.003357812
23 515.75148 374.99394 339.8797409501453 -46.86984244260774 82067.708 79750.882 2316.8267 16.587766 0.0034902358
24 752.30163 342.25765 339.82421229624833 -46.86464007694389 83786.631 79340.73 4445.9004 15.880101 0.0034252962
25 720.88058 318.80623 339.83166735820424 -46.86098041270324 88295.301 79258.323 9036.9775 15.109942 0.003214847
26 493.22717 247.13497 339.8851945101811 -46.84984680351322 93411.278 79787.558 13623.721 14.664261 0.0030997183
27 898.10217 239.31696 339.7892403804744 -46.848671184765365 78977.636 79155.444 -177.80813 nan 0.0034975236
28 783.74439 236.71317 339.8167145632464 -46.848196077746856 83375.297 79189.034 4186.2635 15.945434 0.0034489382
29 695.11991 233.78809 339.837811394823 -46.847715685697366 81391.513 79358.435 2033.0784 16.729615 0.0035026004
30 247.1109 225.4713 339.94183711492633 -46.846692686002555 83851.023 80868.55 2982.4732 16.313559 0.0033585899
31 445.48665 217.12748 339.89634604413055 -46.845180631192434 82881.892 80148.465 2733.4272 16.408231 0.0033843791
32 968.17682 207.74171 339.7722259618557 -46.843830557519006 78967.154 79128.864 -161.71036 nan 0.0036095569
33 765.27239 168.09068 339.8211530470592 -46.83749844653641 81989.431 79052.925 2936.5056 16.330423 0.0034759868
34 781.28194 154.98195 339.8173289721664 -46.83546609775716 84805.59 79087.885 5717.7047 15.606946 0.0033144295
35 786.16679 148.29853 339.8161619852488 -46.83442859657349 82397.656 79091.786 3305.8701 16.201786 0.0033867524
36 228.67767 141.75958 339.94638567553443 -46.83357465085982 83119.264 81200.833 1918.4306 16.792635 0.0034774607
37 185.32409 125.16226 339.95630639867977 -46.83102506663694 86218.766 81589.946 4628.8206 15.836324 0.0033773435
38 702.48883 122.27241 339.8361721151953 -46.8303308719412 82221.795 79219.57 3002.2243 16.306392 0.0034773631
39 24.93545 31.736085 339.99295762880223 -46.81658368813214 89491.047 84862.326 4628.7215 15.836347 0.0034124944
