Tablas/Vv0027w.ecsv
# %ECSV 0.9
# ---
# datatype:
# - {name: id, datatype: int64, format: '%.8g'}
# - {name: xcenter, unit: pix, datatype: float64, format: '%.8g'}
# - {name: ycenter, unit: pix, datatype: float64, format: '%.8g'}
# - {name: celestial_center.ra, unit: deg, datatype: float64}
# - {name: celestial_center.dec, unit: deg, datatype: float64}
# - {name: aperture_sum, datatype: float64, format: '%.8g'}
# - {name: aper_bkg, datatype: float64, format: '%.8g'}
# - {name: aper_sum_bkgsub, datatype: float64, format: '%.8g'}
# - {name: inst_mag, datatype: float64, format: '%.8g'}
# - {name: inst_mag_err, datatype: float64, format: '%.8g'}
# meta: !!omap
# - {name: Aperture photometry results}
# - {version: 'astropy: 3.2.3, photutils: 0.6'}
# - {aperture_photometry_args: 'method=''exact'', subpixels=5'}
# - {filename: Vv0027w.fits}
# - {mjd: 58756.063229}
# - __serialized_columns__:
#     celestial_center:
#       __class__: astropy.coordinates.sky_coordinate.SkyCoord
#       dec: !astropy.table.SerializedColumn
#         __class__: astropy.coordinates.angles.Latitude
#         unit: &id001 !astropy.units.Unit {unit: deg}
#         value: !astropy.table.SerializedColumn {name: celestial_center.dec}
#       equinox: !astropy.time.Time {format: jyear, in_subfmt: '*', jd1: 2451545.0, jd2: 0.0, out_subfmt: '*', precision: 3, scale: tt}
#       frame: fk5
#       ra: !astropy.table.SerializedColumn
#         __class__: astropy.coordinates.angles.Longitude
#         unit: *id001
#         value: !astropy.table.SerializedColumn {name: celestial_center.ra}
#         wrap_angle: !astropy.coordinates.Angle
#           unit: *id001
#           value: 360.0
#       representation_type: spherical
#     xcenter:
#       __class__: astropy.units.quantity.Quantity
#       __info__: {format: '%.8g'}
#       unit: &id002 !astropy.units.Unit {unit: pix}
#       value: !astropy.table.SerializedColumn {name: xcenter}
#     ycenter:
#       __class__: astropy.units.quantity.Quantity
#       __info__: {format: '%.8g'}
#       unit: *id002
#       value: !astropy.table.SerializedColumn {name: ycenter}
# schema: astropy-2.0
id xcenter ycenter celestial_center.ra celestial_center.dec aperture_sum aper_bkg aper_sum_bkgsub inst_mag inst_mag_err
1 289.5434 938.7191 339.9309116332097 -46.95896346604986 84888.221 79218.609 5669.6122 15.616117 0.0034004924
2 96.27475 918.68728 339.9753472928264 -46.95607035548032 82487.7 81215.042 1272.658 17.238221 0.0034710545
3 828.81426 864.60673 339.8063180584209 -46.946100185950634 94523.16 77312.588 17210.572 14.410512 0.0031036517
4 966.62527 846.66455 339.774384859963 -46.94292648511229 82966.421 77856.719 5109.7016 15.729011 0.0034844176
5 317.18546 835.26088 339.9244439002713 -46.9424540551947 308125.99 79678.807 228447.19 11.603035 0.0014455782
6 379.5482 819.94883 339.910073128662 -46.93991908672707 80299.929 78852.905 1447.0243 17.09881 0.0034471517
7 134.88834 790.12941 339.9663324187163 -46.93555272663767 82777.963 80814.55 1963.4135 16.767471 0.0034611867
8 262.67701 745.27259 339.9369420881068 -46.92825563747505 146643.41 79696.329 66947.08 12.935671 0.0023267273
9 526.26428 717.97172 339.87625020596846 -46.92350777142732 80766.681 78701.465 2065.2169 16.712586 0.0034312558
10 597.9009 699.79585 339.8597350114792 -46.92050527973333 80735.073 78672.238 2062.8352 16.713839 0.0034289697
11 868.59854 648.57175 339.79724228355605 -46.911884910386256 93883.925 78391.513 15492.412 14.524702 0.0031742527
12 199.68164 631.52397 339.9514143325325 -46.91033256266348 81467.322 80180.79 1286.5327 17.226448 0.0034117107
13 348.82746 611.12669 339.9171538445882 -46.90691105138291 95306.41 79272.427 16033.983 14.487396 0.0031268576
14 301.72278 507.0374 339.92806616081674 -46.89056608723827 82022.155 80144.706 1877.4491 16.81608 0.0033989235
15 512.80227 491.24756 339.879557510591 -46.887790942678855 81516.306 79638.12 1878.1859 16.815654 0.0035049384
16 212.6196 477.98039 339.94854866216434 -46.88609721995566 102641.81 80133.688 22508.121 14.119152 0.0028959906
17 243.63135 464.87075 339.94144960002023 -46.88399988687038 85466.215 80746.729 4719.4866 15.815263 0.0033832332
18 254.6154 449.03977 339.9389496824871 -46.881497984395594 82891.362 80683.51 2207.8519 16.640075 0.0033912486
19 420.85377 448.23126 339.90077411190816 -46.881165358066696 112422.9 79731.596 32691.302 13.713919 0.002798623
20 478.81667 444.07311 339.88745346936054 -46.88043245731415 95231.322 79635.997 15595.325 14.517514 0.0031285932
21 634.59475 416.32088 339.8516499887558 -46.87584609883195 284546.96 80349.241 204197.72 11.724873 0.0015195579
22 426.87916 375.83675 339.89952022766477 -46.8698011684382 83652.746 80123.182 3529.5644 16.130697 0.003337345
23 512.91538 376.83282 339.87974095014977 -46.86984244260815 82390.623 80159.985 2230.6388 16.628927 0.0034623515
24 754.39293 345.94155 339.8242122962528 -46.8646400769443 84302.282 79669.091 4633.1902 15.8353 0.0034372634
25 722.33061 322.17169 339.83166735820873 -46.860980412703654 88221.832 80017.83 8204.0016 15.214936 0.0033040152
26 490.56782 248.74469 339.8851945101856 -46.849846803513636 93801.521 80129.155 13672.366 14.660391 0.0030934888
27 907.36401 245.20839 339.7892403804789 -46.84867118476578 82054.026 79253.041 2800.9846 16.381723 0.003492453
28 788.29517 240.86228 339.81671456325086 -46.84819607774725 83228.765 79675.38 3553.3849 16.123394 0.0033642558
29 696.76302 236.86846 339.8378113948275 -46.84771568569777 81372.924 79708.2 1664.7241 16.946644 0.003515546
30 243.88982 226.88465 339.9418371149308 -46.84669268600296 84464.08 81284.48 3179.6003 16.244069 0.0034284024
31 442.38079 218.47323 339.89634604413504 -46.84518063119284 83441.216 80217.818 3223.3978 16.229215 0.0033535421
32 981.54715 214.93833 339.77222596186016 -46.84383055751941 83023.518 79188.495 3835.0225 16.04058 0.0034686974
33 770.07774 171.91116 339.8211530470637 -46.83749844653682 82332.44 79324.024 3008.4155 16.304155 0.0034758987
34 786.89016 158.99509 339.8173289721709 -46.83546609775758 81856.332 79275.565 2580.7673 16.470628 0.0034820757
35 792.066 152.36603 339.81616198525325 -46.83442859657389 82066.785 79278.894 2787.8909 16.386811 0.0034737804
36 225.03176 142.72047 339.9463856755389 -46.833574650860236 83300.111 81573.828 1726.2832 16.90722 0.0033709025
37 181.88686 126.16091 339.95630639868426 -46.83102506663734 86239.098 81838.355 4400.7431 15.891185 0.0033657026
38 705.59163 125.1716 339.8361721151998 -46.83033087194162 82094.126 79375.544 2718.5818 16.414144 0.0034926023
39 22.722881 32.872676 339.9929576288067 -46.816583688132546 90044.545 56787.742 33256.803 13.695299 0.023765755
