Tablas/Vv0033w.ecsv
# %ECSV 0.9
# ---
# datatype:
# - {name: id, datatype: int64, format: '%.8g'}
# - {name: xcenter, unit: pix, datatype: float64, format: '%.8g'}
# - {name: ycenter, unit: pix, datatype: float64, format: '%.8g'}
# - {name: sky_center.ra, unit: deg, datatype: float64}
# - {name: sky_center.dec, unit: deg, datatype: float64}
# - {name: aperture_sum, datatype: float64, format: '%.8g'}
# - {name: aper_bkg, datatype: float64, format: '%.8g'}
# - {name: aper_sum_bkgsub, datatype: float64, format: '%.8g'}
# - {name: inst_mag, datatype: float64, format: '%.8g'}
# - {name: inst_mag_err, datatype: float64, format: '%.8g'}
# meta: !!omap
# - {name: Aperture photometry results}
# - {version: 'astropy: 3.2.3, photutils: 0.7.2'}
# - {aperture_photometry_args: 'method=''exact'', subpixels=5'}
# - {filename: Vv0033w.fits}
# - {mjd: 58756.069954}
# - __serialized_columns__:
#     sky_center:
#       __class__: astropy.coordinates.sky_coordinate.SkyCoord
#       dec: !astropy.table.SerializedColumn
#         __class__: astropy.coordinates.angles.Latitude
#         unit: &id001 !astropy.units.Unit {unit: deg}
#         value: !astropy.table.SerializedColumn {name: sky_center.dec}
#       equinox: !astropy.time.Time {format: jyear, in_subfmt: '*', jd1: 2451545.0, jd2: 0.0, out_subfmt: '*', precision: 3, scale: tt}
#       frame: fk5
#       ra: !astropy.table.SerializedColumn
#         __class__: astropy.coordinates.angles.Longitude
#         unit: *id001
#         value: !astropy.table.SerializedColumn {name: sky_center.ra}
#         wrap_angle: !astropy.coordinates.Angle
#           unit: *id001
#           value: 360.0
#       representation_type: spherical
#     xcenter:
#       __class__: astropy.units.quantity.Quantity
#       __info__: {format: '%.8g'}
#       unit: &id002 !astropy.units.Unit {unit: pix}
#       value: !astropy.table.SerializedColumn {name: xcenter}
#     ycenter:
#       __class__: astropy.units.quantity.Quantity
#       __info__: {format: '%.8g'}
#       unit: *id002
#       value: !astropy.table.SerializedColumn {name: ycenter}
# schema: astropy-2.0
id xcenter ycenter sky_center.ra sky_center.dec aperture_sum aper_bkg aper_sum_bkgsub inst_mag inst_mag_err
1 293.24684 934.28293 339.9309116332052 -46.958963466049454 85362.936 79655.137 5707.7987 15.608828 0.0033072856
2 100.30021 914.2401 339.97534729282194 -46.9560703554799 82674.484 81718.951 955.53263 17.549386 0.0033779741
3 835.19794 856.98697 339.8063180584164 -46.94610018595023 93896.859 78111.537 15785.323 14.504366 0.0031595285
4 974.18819 837.90947 339.7743848599585 -46.942926485111876 82877.836 78685.737 4192.099 15.943921 0.0034527698
5 321.8928 829.53545 339.9244439002668 -46.94245405519429 310547.3 80229.279 230318.02 11.59418 0.0014573137
6 384.44359 813.92565 339.91007312865753 -46.93991908672667 80554.267 79318.395 1235.8722 17.270066 0.003445338
7 140.05667 784.14204 339.96633241871183 -46.93555272663725 82841.072 81214.464 1626.6072 16.971793 0.0032811584
8 268.05649 738.76889 339.9369420881023 -46.928255637474635 148752.59 79845.022 68907.565 12.904333 0.0022745518
9 532.148 710.6608 339.87625020596397 -46.92350777142691 81367.452 79197.772 2169.6804 16.659011 0.0035120581
10 604.10833 692.10769 339.8597350114747 -46.920505279732915 82409.236 79097.622 3311.6131 16.199901 0.0034953785
11 876.40294 639.28905 339.79724228355155 -46.91188491038585 94665.487 78836.122 15829.365 14.501341 0.0032358013
12 205.75551 624.22279 339.95141433252803 -46.91033256266307 81631.079 80249.28 1381.7993 17.148888 0.0033977471
13 354.91809 603.5955 339.9171538445837 -46.90691105138251 95307.482 79712.055 15595.427 14.517507 0.0030457471
14 308.10121 499.14893 339.92806616081225 -46.89056608723786 82372.825 80611.351 1761.4742 16.885309 0.0033943213
15 519.36483 483.02655 339.8795575105865 -46.88779094267845 81223.281 80143.719 1079.5624 17.416881 0.0035141995
16 219.13536 470.02786 339.94854866215985 -46.886097219955246 103287.19 80366.922 22920.269 14.099451 0.0028920799
17 250.11876 456.89737 339.94144960001574 -46.883999886869965 85311.464 80845.263 4466.2014 15.875154 0.0033888881
18 261.10312 441.04076 339.9389496824826 -46.88149798439518 83056.67 80846.066 2210.6041 16.638723 0.0034651194
19 427.30958 440.1289 339.9007741119037 -46.88116535806628 112106.44 80112.124 31994.321 13.737318 0.0027417777
20 485.3384 435.87729 339.88745346935605 -46.880432457313745 94679.985 79886.609 14793.375 14.574832 0.0031431656
21 641.46839 407.75354 339.8516499887513 -46.875846098831545 305285.99 80655.65 224630.34 11.621329 0.0014711251
22 433.29925 367.73557 339.8995202276603 -46.86980116843778 84190.157 80634.411 3555.7453 16.122673 0.0033333905
23 519.43773 368.60531 339.8797409501453 -46.86984244260774 82610.638 80653.081 1957.557 16.770714 0.0034854884
24 761.59099 337.10499 339.82421229624833 -46.86464007694389 84690.288 80144.666 4545.6217 15.856017 0.0034262174
25 729.31981 313.52929 339.83166735820424 -46.86098041270324 88968.157 80233.474 8734.6836 15.146882 0.003286353
26 496.69801 240.9164 339.8851945101811 -46.84984680351322 94174.889 80359.743 13815.147 14.649111 0.0031673289
27 914.94945 236.19026 339.7892403804744 -46.848671184765365 82829.291 79656.447 3172.8432 16.246378 0.0034728302
28 795.22737 232.36698 339.8167145632464 -46.848196077746856 83019.667 79695.614 3324.0529 16.19583 0.0034597136
29 703.30647 228.69252 339.837811394823 -46.847715685697366 81922.143 79794.976 2127.1673 16.680496 0.003495459
30 250.0425 219.14697 339.94183711492633 -46.846692686002555 84373.661 81277.507 3096.1539 16.272944 0.0033443097
31 448.34418 210.82607 339.89634604413055 -46.845180631192434 83425.875 80672.485 2753.3901 16.400331 0.0033721623
32 989.43279 205.75564 339.7722259618557 -46.843830557519006 79666.655 79284.061 382.5943 18.543154 0.0035611168
33 776.52948 163.93424 339.8211530470592 -46.83749844653641 82891.684 79597.351 3294.3336 16.205581 0.0033686363
34 793.3273 151.0619 339.8173289721664 -46.83546609775716 82615.131 79675.664 2939.467 16.329329 0.0034636592
35 798.47996 144.46811 339.8161619852488 -46.83442859657349 82098.449 79706.534 2391.915 16.553136 0.0034820855
36 230.82973 135.36826 339.94638567553443 -46.83357465085982 83093.008 81804.444 1288.5639 17.224735 0.0033516956
37 187.70721 118.82874 339.95630639867977 -46.83102506663694 86072.976 82264.334 3808.6418 16.048075 0.0032867057
38 711.48171 117.7445 339.8361721151953 -46.8303308719412 82653.43 79678.47 2974.9601 16.316297 0.0033802495
39 28.581419 25.719099 339.99295762880223 -46.81658368813214 90191.725 55573.574 34618.151 13.65174 0.024138557
