Tablas/Vv0049w.ecsv
# %ECSV 0.9
# ---
# datatype:
# - {name: id, datatype: int64, format: '%.8g'}
# - {name: xcenter, unit: pix, datatype: float64, format: '%.8g'}
# - {name: ycenter, unit: pix, datatype: float64, format: '%.8g'}
# - {name: sky_center.ra, unit: deg, datatype: float64}
# - {name: sky_center.dec, unit: deg, datatype: float64}
# - {name: aperture_sum, datatype: float64, format: '%.8g'}
# - {name: aper_bkg, datatype: float64, format: '%.8g'}
# - {name: aper_sum_bkgsub, datatype: float64, format: '%.8g'}
# - {name: inst_mag, datatype: float64, format: '%.8g'}
# - {name: inst_mag_err, datatype: float64, format: '%.8g'}
# meta: !!omap
# - {name: Aperture photometry results}
# - {version: 'astropy: 3.2.3, photutils: 0.7.2'}
# - {aperture_photometry_args: 'method=''exact'', subpixels=5'}
# - {filename: Vv0049w.fits}
# - {mjd: 58756.087882}
# - __serialized_columns__:
#     sky_center:
#       __class__: astropy.coordinates.sky_coordinate.SkyCoord
#       dec: !astropy.table.SerializedColumn
#         __class__: astropy.coordinates.angles.Latitude
#         unit: &id001 !astropy.units.Unit {unit: deg}
#         value: !astropy.table.SerializedColumn {name: sky_center.dec}
#       equinox: !astropy.time.Time {format: jyear, in_subfmt: '*', jd1: 2451545.0, jd2: 0.0, out_subfmt: '*', precision: 3, scale: tt}
#       frame: fk5
#       ra: !astropy.table.SerializedColumn
#         __class__: astropy.coordinates.angles.Longitude
#         unit: *id001
#         value: !astropy.table.SerializedColumn {name: sky_center.ra}
#         wrap_angle: !astropy.coordinates.Angle
#           unit: *id001
#           value: 360.0
#       representation_type: spherical
#     xcenter:
#       __class__: astropy.units.quantity.Quantity
#       __info__: {format: '%.8g'}
#       unit: &id002 !astropy.units.Unit {unit: pix}
#       value: !astropy.table.SerializedColumn {name: xcenter}
#     ycenter:
#       __class__: astropy.units.quantity.Quantity
#       __info__: {format: '%.8g'}
#       unit: *id002
#       value: !astropy.table.SerializedColumn {name: ycenter}
# schema: astropy-2.0
id xcenter ycenter sky_center.ra sky_center.dec aperture_sum aper_bkg aper_sum_bkgsub inst_mag inst_mag_err
1 291.18474 935.21549 339.9309116332052 -46.958963466049454 85018.263 79640.154 5378.1088 15.673426 0.0034004025
2 99.389626 914.793 339.97534729282194 -46.9560703554799 82320.678 81680.594 640.08363 17.984408 0.0034138507
3 832.17647 858.20876 339.8063180584164 -46.94610018595023 93594.173 77773.28 15820.893 14.501923 0.0031879225
4 971.65343 838.92129 339.7743848599585 -46.942926485111876 83225.045 78364.962 4860.0827 15.783391 0.0034551273
5 319.31757 830.72012 339.9244439002668 -46.94245405519429 309894.01 79882.942 230011.07 11.595628 0.0014410665
6 381.59745 815.20559 339.91007312865753 -46.93991908672667 80253.263 79189.986 1063.2776 17.433383 0.003462194
7 138.22893 785.1207 339.96633241871183 -46.93555272663725 82657.678 81277.079 1380.5995 17.149831 0.0034698871
8 265.42093 740.04217 339.9369420881023 -46.928255637474635 147694.43 79808.785 67885.642 12.920555 0.0023216246
9 528.88218 712.10622 339.87625020596397 -46.92350777142691 81154.21 79100.92 2053.29 16.718874 0.0034455264
10 600.85094 693.53463 339.8597350114747 -46.920505279732915 81495.025 79023.904 2471.121 16.517765 0.0035266445
11 873.96597 640.32996 339.79724228355155 -46.91188491038585 94593.741 78664.372 15929.37 14.494504 0.0030771525
12 203.03455 625.60912 339.95141433252803 -46.91033256266307 81756.253 80238.338 1517.9149 17.046881 0.003421022
13 351.73998 605.10998 339.9171538445837 -46.90691105138251 95599.376 79564.291 16035.084 14.487322 0.0031224958
14 304.87336 500.74158 339.92806616081225 -46.89056608723786 82354.41 80266.493 2087.9169 16.700717 0.0034066853
15 516.13337 484.53604 339.8795575105865 -46.88779094267845 81059.592 79727.01 1332.5823 17.188265 0.0035276275
16 216.03695 471.62108 339.94854866215985 -46.886097219955246 103119.78 80449.914 22669.869 14.111377 0.0029533963
17 246.93723 458.51335 339.94144960001574 -46.883999886869965 85209.717 81120.54 4089.177 15.97091 0.0034106924
18 257.88484 442.67146 339.9389496824826 -46.88149798439518 82874.349 80784.156 2090.193 16.699534 0.0033747693
19 424.01252 441.71454 339.9007741119037 -46.88116535806628 112085.31 79840.546 32244.763 13.728852 0.0027260939
20 482.1021 437.41479 339.88745346935605 -46.880432457313745 94094.196 79699.637 14394.559 14.604504 0.003076861
21 638.67567 409.05624 339.8516499887513 -46.875846098831545 382119.18 80660.072 301459.11 11.301929 0.0012788731
22 430.05623 369.31532 339.8995202276603 -46.86980116843778 83619.423 80156.091 3463.3315 16.151265 0.0034357464
23 516.35448 370.08221 339.8797409501453 -46.86984244260774 82870.788 80309.314 2561.4745 16.478775 0.0034662258
24 759.60296 338.04853 339.82421229624833 -46.86464007694389 84200.966 79839.232 4361.7344 15.900852 0.0033921394
25 727.23929 314.52478 339.83166735820424 -46.86098041270324 88729.807 80121.659 8608.148 15.162726 0.0032638912
26 493.80921 242.34808 339.8851945101811 -46.84984680351322 93312.536 80284.236 13028.299 14.712781 0.0031856171
27 914.60193 236.42029 339.7892403804744 -46.848671184765365 82036.946 79665.994 2370.9521 16.562693 0.0035115167
28 793.93804 233.02295 339.8167145632464 -46.848196077746856 82945.615 79645.835 3299.7802 16.203787 0.0033812224
29 701.42118 229.62705 339.837811394823 -46.847715685697366 81724.744 79752.845 1971.899 16.762788 0.0034063795
30 246.75511 220.8728 339.94183711492633 -46.846692686002555 84228.579 81363.548 2865.031 16.357177 0.0033512903
31 445.37519 212.31851 339.89634604413055 -46.845180631192434 83426.557 80607.568 2818.9898 16.374766 0.0033646819
32 989.99022 205.59229 339.7722259618557 -46.843830557519006 79547.41 79116.666 430.7446 18.41445 0.0035841507
33 775.45915 164.51088 339.8211530470592 -46.83749844653641 81802.504 79293.809 2508.6955 16.50138 0.0034239462
34 792.45893 151.54974 339.8173289721664 -46.83546609775716 82518.033 79293.062 3224.9716 16.228685 0.003484699
35 797.69043 144.92182 339.8161619852488 -46.83442859657349 82350.038 79634.641 2715.3967 16.415417 0.0034811728
36 227.58071 137.107 339.94638567553443 -46.83357465085982 83090.503 81652.762 1437.7407 17.105799 0.0033802834
37 184.44709 120.60149 339.95630639867977 -46.83102506663694 85932.068 82260.861 3671.207 16.087978 0.0032817614
38 710.17295 118.44665 339.8361721151953 -46.8303308719412 82510.935 79617.193 2893.7421 16.34635 0.0034760172
39 25.386204 27.589555 339.99295762880223 -46.81658368813214 89923.63 53766.253 36157.377 13.604508 0.024472541
