Tablas/Vv0025w.ecsv
# %ECSV 0.9
# ---
# datatype:
# - {name: id, datatype: int64, format: '%.8g'}
# - {name: xcenter, unit: pix, datatype: float64, format: '%.8g'}
# - {name: ycenter, unit: pix, datatype: float64, format: '%.8g'}
# - {name: sky_center.ra, unit: deg, datatype: float64}
# - {name: sky_center.dec, unit: deg, datatype: float64}
# - {name: aperture_sum, datatype: float64, format: '%.8g'}
# - {name: aper_bkg, datatype: float64, format: '%.8g'}
# - {name: aper_sum_bkgsub, datatype: float64, format: '%.8g'}
# - {name: inst_mag, datatype: float64, format: '%.8g'}
# - {name: inst_mag_err, datatype: float64, format: '%.8g'}
# meta: !!omap
# - {name: Aperture photometry results}
# - {version: 'astropy: 3.2.3, photutils: 0.7.2'}
# - {aperture_photometry_args: 'method=''exact'', subpixels=5'}
# - {filename: Vv0025w.fits}
# - {mjd: 58756.060984}
# - __serialized_columns__:
#     sky_center:
#       __class__: astropy.coordinates.sky_coordinate.SkyCoord
#       dec: !astropy.table.SerializedColumn
#         __class__: astropy.coordinates.angles.Latitude
#         unit: &id001 !astropy.units.Unit {unit: deg}
#         value: !astropy.table.SerializedColumn {name: sky_center.dec}
#       equinox: !astropy.time.Time {format: jyear, in_subfmt: '*', jd1: 2451545.0, jd2: 0.0, out_subfmt: '*', precision: 3, scale: tt}
#       frame: fk5
#       ra: !astropy.table.SerializedColumn
#         __class__: astropy.coordinates.angles.Longitude
#         unit: *id001
#         value: !astropy.table.SerializedColumn {name: sky_center.ra}
#         wrap_angle: !astropy.coordinates.Angle
#           unit: *id001
#           value: 360.0
#       representation_type: spherical
#     xcenter:
#       __class__: astropy.units.quantity.Quantity
#       __info__: {format: '%.8g'}
#       unit: &id002 !astropy.units.Unit {unit: pix}
#       value: !astropy.table.SerializedColumn {name: xcenter}
#     ycenter:
#       __class__: astropy.units.quantity.Quantity
#       __info__: {format: '%.8g'}
#       unit: *id002
#       value: !astropy.table.SerializedColumn {name: ycenter}
# schema: astropy-2.0
id xcenter ycenter sky_center.ra sky_center.dec aperture_sum aper_bkg aper_sum_bkgsub inst_mag inst_mag_err
1 290.94258 937.12358 339.9309116332052 -46.958963466049454 84264.099 78857.873 5406.2259 15.667765 0.0033206085
2 97.333112 917.91403 339.97534729282194 -46.9560703554799 82245.81 80891.459 1354.3508 17.170672 0.0033972976
3 830.63319 862.06346 339.8063180584164 -46.94610018595023 93613.252 77179.035 16434.217 14.460627 0.0031642047
4 968.23148 844.40169 339.7743848599585 -46.942926485111876 82699.365 77813.996 4885.3687 15.777757 0.0034740165
5 319.08688 833.124 339.9244439002668 -46.94245405519429 306380.55 79214.876 227165.68 11.609143 0.0014527876
6 381.55825 817.60333 339.91007312865753 -46.93991908672667 79828.269 78515.711 1312.5586 17.204703 0.0034633245
7 136.72086 788.42887 339.96633241871183 -46.93555272663725 82030.94 80696.328 1334.6118 17.186613 0.0033977171
8 264.83399 742.9758 339.9369420881023 -46.928255637474635 145855.18 79291.686 66563.491 12.94191 0.00228623
9 528.4804 715.30201 339.87625020596397 -46.92350777142691 80363.862 78664.843 1699.0185 16.924505 0.0034648419
10 600.05988 697.15689 339.8597350114747 -46.920505279732915 80925.423 78532.946 2392.4776 16.55288 0.0034435327
11 870.16676 646.6307 339.79724228355155 -46.91188491038585 93900.776 78150.722 15750.054 14.506795 0.0030905908
12 202.1021 629.03636 339.95141433252803 -46.91033256266307 81337.119 79697.208 1639.9111 16.962949 0.0035170014
13 351.2559 608.42706 339.9171538445837 -46.90691105138251 94904.615 79175.845 15728.77 14.508263 0.0030749008
14 304.2347 504.28169 339.92806616081225 -46.89056608723786 82308.939 79821.46 2487.4789 16.510602 0.0033840056
15 514.95658 488.74404 339.8795575105865 -46.88779094267845 80871.151 79325.324 1545.8271 17.027098 0.0035393691
16 215.21949 475.21509 339.94854866215985 -46.886097219955246 102327.93 79889.168 22438.76 14.122503 0.002906651
17 246.20226 462.09391 339.94144960001574 -46.883999886869965 85120.473 80316.116 4804.3572 15.795912 0.003388801
18 257.16943 446.26121 339.9389496824826 -46.88149798439518 82680.538 80292.502 2388.0367 16.554898 0.003395218
19 423.13404 445.6255 339.9007741119037 -46.88116535806628 112161.22 79675.935 32485.281 13.720783 0.0027395519
20 480.96227 441.59122 339.88745346935605 -46.880432457313745 94165.511 79299.087 14866.424 14.569484 0.0030845591
21 636.22765 414.39963 339.8516499887513 -46.875846098831545 280980.98 79882.637 201098.34 11.741479 0.0015412197
22 429.00142 373.38362 339.8995202276603 -46.86980116843778 83359.714 79693.224 3666.4892 16.089374 0.0033744431
23 514.8022 374.62247 339.8797409501453 -46.86984244260774 82399.096 79662.639 2736.4573 16.407028 0.0034008519
24 755.2756 344.92638 339.82421229624833 -46.86464007694389 83779.999 79318.247 4461.7523 15.876236 0.0034188821
25 723.23172 321.1183 339.83166735820424 -46.86098041270324 88321.732 79290.742 9030.9905 15.110662 0.0033066035
26 492.05529 246.93243 339.8851945101811 -46.84984680351322 93367.451 79716.021 13651.431 14.662055 0.0031726956
27 906.86198 245.93039 339.7892403804744 -46.848671184765365 81786.557 78912.268 2874.2896 16.353674 0.0034987405
28 788.41151 240.74886 339.8167145632464 -46.848196077746856 82970.643 79141.1 3829.5425 16.042133 0.0034570896
29 697.31072 236.19043 339.837811394823 -46.847715685697366 81425.238 79263.7 2161.5379 16.663093 0.0035147945
30 246.09181 224.32052 339.94183711492633 -46.846692686002555 83860.843 80752.86 3107.983 16.268803 0.0034466253
31 443.91428 216.58735 339.89634604413055 -46.845180631192434 83038.356 80092.948 2945.4075 16.327137 0.0033793577
32 980.3692 216.54185 339.7722259618557 -46.843830557519006 82370.152 78854.24 3515.912 16.134905 0.0034801275
33 769.81955 172.1933 339.8211530470592 -46.83749844653641 81689.296 78909.527 2779.7683 16.389979 0.0034972666
34 786.44229 159.50697 339.8173289721664 -46.83546609775716 82928.41 78806.724 4121.6865 15.962313 0.0034539487
35 791.5384 152.97237 339.8161619852488 -46.83442859657349 83352.231 78831.618 4520.6133 15.862007 0.0034276328
36 227.00268 140.31876 339.94638567553443 -46.83357465085982 82816.685 81165.348 1651.337 16.955411 0.0033718219
37 183.93069 123.67745 339.95630639867977 -46.83102506663694 85481.384 81753.382 3728.002 16.07131 0.0033789554
38 705.35327 125.34893 339.8361721151953 -46.8303308719412 81755.937 79220.301 2535.6353 16.489783 0.0035234156
39 24.899335 30.191575 339.99295762880223 -46.81658368813214 89364.92 56241.457 33123.464 13.699661 0.02397155
