Tablas/Vv0035w.ecsv
# %ECSV 0.9
# ---
# datatype:
# - {name: id, datatype: int64, format: '%.8g'}
# - {name: xcenter, unit: pix, datatype: float64, format: '%.8g'}
# - {name: ycenter, unit: pix, datatype: float64, format: '%.8g'}
# - {name: sky_center.ra, unit: deg, datatype: float64}
# - {name: sky_center.dec, unit: deg, datatype: float64}
# - {name: aperture_sum, datatype: float64, format: '%.8g'}
# - {name: aper_bkg, datatype: float64, format: '%.8g'}
# - {name: aper_sum_bkgsub, datatype: float64, format: '%.8g'}
# - {name: inst_mag, datatype: float64, format: '%.8g'}
# - {name: inst_mag_err, datatype: float64, format: '%.8g'}
# meta: !!omap
# - {name: Aperture photometry results}
# - {version: 'astropy: 3.2.3, photutils: 0.7.2'}
# - {aperture_photometry_args: 'method=''exact'', subpixels=5'}
# - {filename: Vv0035w.fits}
# - {mjd: 58756.072188}
# - __serialized_columns__:
#     sky_center:
#       __class__: astropy.coordinates.sky_coordinate.SkyCoord
#       dec: !astropy.table.SerializedColumn
#         __class__: astropy.coordinates.angles.Latitude
#         unit: &id001 !astropy.units.Unit {unit: deg}
#         value: !astropy.table.SerializedColumn {name: sky_center.dec}
#       equinox: !astropy.time.Time {format: jyear, in_subfmt: '*', jd1: 2451545.0, jd2: 0.0, out_subfmt: '*', precision: 3, scale: tt}
#       frame: fk5
#       ra: !astropy.table.SerializedColumn
#         __class__: astropy.coordinates.angles.Longitude
#         unit: *id001
#         value: !astropy.table.SerializedColumn {name: sky_center.ra}
#         wrap_angle: !astropy.coordinates.Angle
#           unit: *id001
#           value: 360.0
#       representation_type: spherical
#     xcenter:
#       __class__: astropy.units.quantity.Quantity
#       __info__: {format: '%.8g'}
#       unit: &id002 !astropy.units.Unit {unit: pix}
#       value: !astropy.table.SerializedColumn {name: xcenter}
#     ycenter:
#       __class__: astropy.units.quantity.Quantity
#       __info__: {format: '%.8g'}
#       unit: *id002
#       value: !astropy.table.SerializedColumn {name: ycenter}
# schema: astropy-2.0
id xcenter ycenter sky_center.ra sky_center.dec aperture_sum aper_bkg aper_sum_bkgsub inst_mag inst_mag_err
1 298.91176 936.70702 339.9309116332052 -46.958963466049454 83746.356 78750.142 4996.214 15.753397 0.003444812
2 105.02558 918.03372 339.97534729282194 -46.9560703554799 81868.735 80784.146 1084.589 17.411837 0.0034131384
3 827.10921 858.9342 339.8063180584164 -46.94610018595023 93513.658 77202.556 16311.102 14.468792 0.0031010459
4 960.34169 840.61562 339.7743848599585 -46.942926485111876 82575.118 77682.766 4892.3519 15.776206 0.0034602262
5 323.14702 831.57361 339.9244439002668 -46.94245405519429 305831.49 79320.948 226510.54 11.612279 0.0014692824
6 384.71047 815.68549 339.91007312865753 -46.93991908672667 79697.565 78596.57 1100.9956 17.395536 0.0035595938
7 139.70285 787.1686 339.96633241871183 -46.93555272663725 82322.434 80619.171 1703.2635 16.921795 0.0034945143
8 266.57698 740.86878 339.9369420881023 -46.928255637474635 147295.49 79304.477 67991.01 12.918871 0.0022722145
9 527.76892 712.04687 339.87625020596397 -46.92350777142691 80950.64 78619.683 2330.957 16.581164 0.0035341122
10 598.09614 693.52676 339.8597350114747 -46.920505279732915 80748.254 78683.842 2064.4125 16.713009 0.0034598363
11 862.4354 641.75749 339.79724228355155 -46.91188491038585 90004.599 78136.795 11867.805 14.814074 0.0032715057
12 201.44924 626.38111 339.95141433252803 -46.91033256266307 81600.599 80113.527 1487.0718 17.06917 0.0033990199
13 350.29792 605.12036 339.9171538445837 -46.90691105138251 94875.091 79181.134 15693.958 14.510669 0.0030784039
14 302.46295 500.64897 339.92806616081225 -46.89056608723786 82019.11 79776.077 2243.0327 16.622911 0.0033921886
15 512.45681 484.34369 339.8795575105865 -46.88779094267845 80592.888 79349.833 1243.0549 17.263774 0.0035296454
16 213.05878 471.78414 339.94854866215985 -46.886097219955246 102657.72 79910.034 22747.684 14.107657 0.0028948038
17 244.14915 458.51051 339.94144960001574 -46.883999886869965 84690.917 80586.852 4104.0652 15.966964 0.0034012879
18 255.141 442.5902 339.9389496824826 -46.88149798439518 82458.604 80255.443 2203.1608 16.642385 0.0033892195
19 421.18406 441.39373 339.9007741119037 -46.88116535806628 111713.01 79648.393 32064.613 13.734935 0.0027514102
20 478.78622 437.15804 339.88745346935605 -46.880432457313745 94126.227 79298.113 14828.114 14.572285 0.0030801249
21 632.95193 409.40072 339.8516499887513 -46.875846098831545 309592.44 79862.459 229729.98 11.596956 0.0014602685
22 427.43758 368.97072 339.8995202276603 -46.86980116843778 83180.157 79705.807 3474.3505 16.147816 0.0034621086
23 512.90632 369.93695 339.8797409501453 -46.86984244260774 82265.823 79721.879 2543.9439 16.486231 0.0033950421
24 751.34265 339.45519 339.82421229624833 -46.86464007694389 83411.491 79187.195 4224.2956 15.935614 0.0034495144
25 720.14681 315.73096 339.83166735820424 -46.86098041270324 87934.471 79249.234 8685.2376 15.153046 0.0033191222
26 492.15577 242.24886 339.8851945101811 -46.84984680351322 93029.913 79662.369 13367.544 14.684871 0.0031104195
27 902.51567 240.01746 339.7892403804744 -46.848671184765365 82032.585 78697.788 3334.7967 16.192327 0.0034785398
28 786.16619 235.18978 339.8167145632464 -46.848196077746856 82271.688 79146.142 3125.5462 16.262685 0.0034654821
29 696.30924 230.90335 339.837811394823 -46.847715685697366 81084.991 79279.342 1805.649 16.858417 0.0035547357
30 245.89971 220.41117 339.94183711492633 -46.846692686002555 83627.794 80811.521 2816.2727 16.375813 0.0034378539
31 444.70155 212.07099 339.89634604413055 -46.845180631192434 82880.613 79765.309 3115.3036 16.266249 0.0033698105
32 975.37875 210.4542 339.7722259618557 -46.843830557519006 82225.866 78707.482 3518.3835 16.134142 0.0034978815
33 769.72948 166.79597 339.8211530470592 -46.83749844653641 82047.06 79097.385 2949.6749 16.325565 0.0034836498
34 786.53541 154.09136 339.8173289721664 -46.83546609775716 81853.767 78831.172 3022.595 16.29905 0.00341699
35 791.77449 147.55839 339.8161619852488 -46.83442859657349 81978.772 78781.842 3196.9293 16.238167 0.003408566
36 228.38953 136.57115 339.94638567553443 -46.83357465085982 82865.63 80878.677 1986.9533 16.754531 0.0034006889
37 185.22409 120.09676 339.95630639867977 -46.83102506663694 85102.728 81549.694 3553.0338 16.123502 0.00331937
38 707.44856 120.24899 339.8361721151953 -46.8303308719412 81253.493 78768.067 2485.426 16.511498 0.003516404
39 26.044894 27.368274 339.99295762880223 -46.81658368813214 89120.638 54208.736 34911.902 13.642566 0.024427654
