Tablas/Vv0037w.ecsv
# %ECSV 0.9
# ---
# datatype:
# - {name: id, datatype: int64, format: '%.8g'}
# - {name: xcenter, unit: pix, datatype: float64, format: '%.8g'}
# - {name: ycenter, unit: pix, datatype: float64, format: '%.8g'}
# - {name: sky_center.ra, unit: deg, datatype: float64}
# - {name: sky_center.dec, unit: deg, datatype: float64}
# - {name: aperture_sum, datatype: float64, format: '%.8g'}
# - {name: aper_bkg, datatype: float64, format: '%.8g'}
# - {name: aper_sum_bkgsub, datatype: float64, format: '%.8g'}
# - {name: inst_mag, datatype: float64, format: '%.8g'}
# - {name: inst_mag_err, datatype: float64, format: '%.8g'}
# meta: !!omap
# - {name: Aperture photometry results}
# - {version: 'astropy: 3.2.3, photutils: 0.7.2'}
# - {aperture_photometry_args: 'method=''exact'', subpixels=5'}
# - {filename: Vv0037w.fits}
# - {mjd: 58756.074433}
# - __serialized_columns__:
#     sky_center:
#       __class__: astropy.coordinates.sky_coordinate.SkyCoord
#       dec: !astropy.table.SerializedColumn
#         __class__: astropy.coordinates.angles.Latitude
#         unit: &id001 !astropy.units.Unit {unit: deg}
#         value: !astropy.table.SerializedColumn {name: sky_center.dec}
#       equinox: !astropy.time.Time {format: jyear, in_subfmt: '*', jd1: 2451545.0, jd2: 0.0, out_subfmt: '*', precision: 3, scale: tt}
#       frame: fk5
#       ra: !astropy.table.SerializedColumn
#         __class__: astropy.coordinates.angles.Longitude
#         unit: *id001
#         value: !astropy.table.SerializedColumn {name: sky_center.ra}
#         wrap_angle: !astropy.coordinates.Angle
#           unit: *id001
#           value: 360.0
#       representation_type: spherical
#     xcenter:
#       __class__: astropy.units.quantity.Quantity
#       __info__: {format: '%.8g'}
#       unit: &id002 !astropy.units.Unit {unit: pix}
#       value: !astropy.table.SerializedColumn {name: xcenter}
#     ycenter:
#       __class__: astropy.units.quantity.Quantity
#       __info__: {format: '%.8g'}
#       unit: *id002
#       value: !astropy.table.SerializedColumn {name: ycenter}
# schema: astropy-2.0
id xcenter ycenter sky_center.ra sky_center.dec aperture_sum aper_bkg aper_sum_bkgsub inst_mag inst_mag_err
1 290.98361 935.76792 339.9309116332052 -46.958963466049454 83850.291 78314.98 5535.3113 15.642145 0.0033507641
2 97.064353 917.55883 339.97534729282194 -46.9560703554799 81494.225 80744.533 749.6922 17.812793 0.0033957867
3 830.94901 860.25831 339.8063180584164 -46.94610018595023 93682.761 76648.853 17033.908 14.421714 0.0031865696
4 968.47488 843.1693 339.7743848599585 -46.942926485111876 82147.677 77248.813 4898.864 15.774762 0.0034898681
5 319.16741 831.31215 339.9244439002668 -46.94245405519429 308338.01 78773.502 229564.51 11.597738 0.0014453592
6 381.70405 815.5652 339.91007312865753 -46.93991908672667 79192.607 78123.691 1068.9162 17.427641 0.0034932825
7 136.55361 787.28862 339.96633241871183 -46.93555272663725 81305.911 80146.902 1159.0083 17.339784 0.0034160476
8 264.85413 741.09768 339.9369420881023 -46.928255637474635 146318.85 78771.725 67547.121 12.925983 0.0022799041
9 528.71079 712.89486 339.87625020596397 -46.92350777142691 80023.06 77730.297 2292.7632 16.599102 0.0034502163
10 600.30677 694.77248 339.8597350114747 -46.920505279732915 80560.404 77872.314 2688.0906 16.42639 0.0034417766
11 870.33169 645.06275 339.79724228355155 -46.91188491038585 92994.314 77754.008 15240.306 14.542516 0.0031868832
12 202.05462 627.09967 339.95141433252803 -46.91033256266307 80541.724 79281.539 1260.1856 17.248914 0.0034245646
13 351.3615 606.03152 339.9171538445837 -46.90691105138251 94183.564 78571.028 15612.535 14.516316 0.0030942045
14 304.29639 501.83311 339.92806616081225 -46.89056608723786 81288.818 79217.378 2071.4404 16.709319 0.00341278
15 515.12057 486.2091 339.8795575105865 -46.88779094267845 80085.016 78734.698 1350.3177 17.17391 0.0035508509
16 215.19914 472.93665 339.94854866215985 -46.886097219955246 103446.86 79185.839 24261.018 14.037727 0.0029439974
17 246.21276 459.71718 339.94144960001574 -46.883999886869965 84353.009 79600.076 4752.9332 15.807596 0.0033976174
18 257.18989 443.84189 339.9389496824826 -46.88149798439518 81538.112 79639.617 1898.4945 16.803977 0.0033995775
19 423.26032 443.03612 339.9007741119037 -46.88116535806628 110726.2 78911.27 31814.925 13.743423 0.002821657
20 481.10573 439.0297 339.88745346935605 -46.880432457313745 93253.454 78717.153 14536.302 14.593865 0.003178175
21 636.35997 412.16362 339.8516499887513 -46.875846098831545 321829.73 79275.641 242554.09 11.537979 0.0014254899
22 429.11411 370.80148 339.8995202276603 -46.86980116843778 82723.684 78867.093 3856.5916 16.034491 0.0033757937
23 514.93017 372.13589 339.8797409501453 -46.86984244260774 81721.699 79042.569 2679.1299 16.430016 0.0034682005
24 755.31623 343.29093 339.82421229624833 -46.86464007694389 83069.329 78726.696 4342.6336 15.905617 0.0034420697
25 723.27775 319.37961 339.83166735820424 -46.86098041270324 87050.784 78723.484 8327.3 15.198739 0.0033229517
26 492.13967 244.53998 339.8851945101811 -46.84984680351322 92391.96 79290.224 13101.737 14.706678 0.0032202899
27 906.68873 245.53718 339.7892403804744 -46.848671184765365 81490.674 78353.983 3136.6917 16.25882 0.0035323144
28 788.35683 239.57045 339.8167145632464 -46.848196077746856 82197.302 78709.782 3487.5205 16.143708 0.0033930629
29 697.32158 234.53007 339.837811394823 -46.847715685697366 80688.245 78723.521 1964.7235 16.766746 0.0034480822
30 246.09677 221.82202 339.94183711492633 -46.846692686002555 83406.547 80226.644 3179.9034 16.243965 0.003362352
31 443.98816 214.1471 339.89634604413055 -46.845180631192434 82197.159 79322.653 2874.5057 16.353592 0.0033858361
32 980.07292 216.85878 339.7722259618557 -46.843830557519006 81989.574 78286.899 3702.6744 16.078711 0.0034781342
33 769.73267 171.12001 339.8211530470592 -46.83749844653641 81630.426 78373.013 3257.4133 16.217818 0.0034111116
34 786.33059 158.58152 339.8173289721664 -46.83546609775716 81380.084 78314.44 3065.6442 16.283696 0.0034166953
35 791.41685 152.10302 339.8161619852488 -46.83442859657349 81095.575 78379.014 2716.5606 16.414952 0.0035081365
36 226.99053 137.87077 339.94638567553443 -46.83357465085982 82566.384 80659.682 1906.7025 16.799293 0.0033868105
37 183.88956 121.28613 339.95630639867977 -46.83102506663694 85131.966 81147.424 3984.5419 15.999054 0.0033156837
38 705.28908 124.05316 339.8361721151953 -46.8303308719412 81286.692 78716.866 2569.8254 16.475241 0.0034280836
39 24.722235 28.17323 339.99295762880223 -46.81658368813214 88937.726 52995.201 35942.526 13.610979 0.024430449
