Tablas/Vv0017w.ecsv
# %ECSV 0.9
# ---
# datatype:
# - {name: id, datatype: int64, format: '%.8g'}
# - {name: xcenter, unit: pix, datatype: float64, format: '%.8g'}
# - {name: ycenter, unit: pix, datatype: float64, format: '%.8g'}
# - {name: sky_center.ra, unit: deg, datatype: float64}
# - {name: sky_center.dec, unit: deg, datatype: float64}
# - {name: aperture_sum, datatype: float64, format: '%.8g'}
# - {name: aper_bkg, datatype: float64, format: '%.8g'}
# - {name: aper_sum_bkgsub, datatype: float64, format: '%.8g'}
# - {name: inst_mag, datatype: float64, format: '%.8g'}
# - {name: inst_mag_err, datatype: float64, format: '%.8g'}
# meta: !!omap
# - {name: Aperture photometry results}
# - {version: 'astropy: 3.2.3, photutils: 0.7.2'}
# - {aperture_photometry_args: 'method=''exact'', subpixels=5'}
# - {filename: Vv0017w.fits}
# - {mjd: 58756.052014}
# - __serialized_columns__:
#     sky_center:
#       __class__: astropy.coordinates.sky_coordinate.SkyCoord
#       dec: !astropy.table.SerializedColumn
#         __class__: astropy.coordinates.angles.Latitude
#         unit: &id001 !astropy.units.Unit {unit: deg}
#         value: !astropy.table.SerializedColumn {name: sky_center.dec}
#       equinox: !astropy.time.Time {format: jyear, in_subfmt: '*', jd1: 2451545.0, jd2: 0.0, out_subfmt: '*', precision: 3, scale: tt}
#       frame: fk5
#       ra: !astropy.table.SerializedColumn
#         __class__: astropy.coordinates.angles.Longitude
#         unit: *id001
#         value: !astropy.table.SerializedColumn {name: sky_center.ra}
#         wrap_angle: !astropy.coordinates.Angle
#           unit: *id001
#           value: 360.0
#       representation_type: spherical
#     xcenter:
#       __class__: astropy.units.quantity.Quantity
#       __info__: {format: '%.8g'}
#       unit: &id002 !astropy.units.Unit {unit: pix}
#       value: !astropy.table.SerializedColumn {name: xcenter}
#     ycenter:
#       __class__: astropy.units.quantity.Quantity
#       __info__: {format: '%.8g'}
#       unit: *id002
#       value: !astropy.table.SerializedColumn {name: ycenter}
# schema: astropy-2.0
id xcenter ycenter sky_center.ra sky_center.dec aperture_sum aper_bkg aper_sum_bkgsub inst_mag inst_mag_err
1 289.22999 936.15082 339.9309116332052 -46.958963466049454 85270.979 79671.188 5599.7915 15.62957 0.0032972634
2 96.152336 917.14024 339.97534729282194 -46.9560703554799 83296.596 82133.092 1163.504 17.33558 0.0033494777
3 828.65038 861.37057 339.8063180584164 -46.94610018595023 95016.191 78152.524 16863.667 14.43262 0.0030609539
4 966.6774 843.93957 339.7743848599585 -46.942926485111876 83764.426 78682.922 5081.5044 15.735019 0.0033584136
5 316.79554 832.19004 339.9244439002668 -46.94245405519429 309909.19 80140.178 229769.01 11.596771 0.0014577336
6 379.12399 816.63043 339.91007312865753 -46.93991908672667 81154.651 79687.689 1466.9616 17.083953 0.0034342247
7 134.63753 787.74461 339.96633241871183 -46.93555272663725 82772.811 81665.067 1107.7434 17.388902 0.0033819472
8 262.2794 742.11534 339.9369420881023 -46.928255637474635 148243.9 80156.119 68087.78 12.917327 0.0023133695
9 525.7951 714.21021 339.87625020596397 -46.92350777142691 81405.197 79258.993 2146.2036 16.670823 0.0034301651
10 597.45429 696.03036 339.8597350114747 -46.920505279732915 82264.933 79274.314 2990.6188 16.310597 0.0034676554
11 868.41703 645.52914 339.79724228355155 -46.91188491038585 94344.45 79119.585 15224.864 14.543616 0.0030678002
12 199.29328 628.28164 339.95141433252803 -46.91033256266307 82772.228 80647.773 2124.4545 16.681881 0.0033595041
13 348.33476 607.39477 339.9171538445837 -46.90691105138251 96122.787 79699.402 16423.385 14.461343 0.0030382133
14 301.2273 503.23632 339.92806616081225 -46.89056608723786 83164.056 80631.22 2532.8365 16.490982 0.0033791874
15 512.27414 487.31906 339.8795575105865 -46.88779094267845 81933.775 80089.646 1844.1299 16.835521 0.0034772807
16 212.18076 474.35411 339.94854866215985 -46.886097219955246 103500.39 80830.369 22670.023 14.11137 0.0029522164
17 243.16554 461.14013 339.94144960001574 -46.883999886869965 86195.688 81269.592 4926.0956 15.768743 0.0033569101
18 254.13932 445.26216 339.9389496824826 -46.88149798439518 83509.809 81139.997 2369.8119 16.563215 0.0033635515
19 420.31266 444.2602 339.9007741119037 -46.88116535806628 113134.44 80197.595 32936.848 13.705795 0.0027730272
20 478.27627 440.1195 339.88745346935605 -46.880432457313745 95440.1 79818.733 15621.367 14.515702 0.0030603156
21 634.11557 412.66371 339.8516499887513 -46.875846098831545 297138.09 80657.426 216480.66 11.661452 0.0014933821
22 426.33139 371.86461 339.8995202276603 -46.86980116843778 84381.398 80607.441 3773.9574 16.058008 0.0034099047
23 512.37622 372.94427 339.8797409501453 -46.86984244260774 83831.145 80701.915 3129.2305 16.261406 0.0034490588
24 754.0187 342.87296 339.82421229624833 -46.86464007694389 84803.656 80271.771 4531.885 15.859303 0.0034105077
25 721.92206 319.00702 339.83166735820424 -46.86098041270324 89395.584 80353.246 9042.3371 15.109298 0.0032864875
26 490.02379 244.9546 339.8851945101811 -46.84984680351322 94527.093 80695.039 13832.053 14.647783 0.0031487466
27 907.20171 243.40056 339.7892403804744 -46.848671184765365 83163.256 79763.596 3399.6603 16.171411 0.0034562133
28 787.96194 238.27142 339.8167145632464 -46.848196077746856 83520.237 80085.752 3434.4853 16.160346 0.0034652751
29 696.3321 233.79977 339.837811394823 -46.847715685697366 82289.641 80248.363 2041.278 16.725245 0.0034787347
30 243.41134 222.9998 339.94183711492633 -46.846692686002555 85337.257 81755.864 3581.3937 16.11487 0.0033926731
31 441.834 214.63986 339.89634604413055 -46.845180631192434 83764.599 80691.758 3072.8414 16.28115 0.0033494591
32 981.51716 213.85726 339.7722259618557 -46.843830557519006 83409.179 79583.402 3825.7765 16.043201 0.0034436786
33 769.72743 169.44707 339.8211530470592 -46.83749844653641 82862.103 79742.878 3119.2245 16.264883 0.0034798758
34 786.56104 156.6841 339.8173289721664 -46.83546609775716 83244.666 79697.684 3546.9824 16.125352 0.0034463316
35 791.74387 150.11391 339.8161619852488 -46.83442859657349 83162.455 79731.086 3431.3683 16.161332 0.0033487723
36 224.57406 138.88319 339.94638567553443 -46.83357465085982 83842.256 82145.069 1697.1872 16.925676 0.0033637338
37 181.46742 122.37822 339.95630639867977 -46.83102506663694 86260.538 82639.928 3620.6099 16.103046 0.003355692
38 705.17894 122.49843 339.8361721151953 -46.8303308719412 82505.586 79657.343 2848.2428 16.363557 0.0033831522
39 22.508539 29.444424 339.99295762880223 -46.81658368813214 90210.804 52606.254 37604.549 13.561899 0.024464044
