Tablas/Vv0009w.ecsv
# %ECSV 0.9
# ---
# datatype:
# - {name: id, datatype: int64, format: '%.8g'}
# - {name: xcenter, unit: pix, datatype: float64, format: '%.8g'}
# - {name: ycenter, unit: pix, datatype: float64, format: '%.8g'}
# - {name: celestial_center.ra, unit: deg, datatype: float64}
# - {name: celestial_center.dec, unit: deg, datatype: float64}
# - {name: aperture_sum, datatype: float64, format: '%.8g'}
# - {name: aper_bkg, datatype: float64, format: '%.8g'}
# - {name: aper_sum_bkgsub, datatype: float64, format: '%.8g'}
# - {name: inst_mag, datatype: float64, format: '%.8g'}
# - {name: inst_mag_err, datatype: float64, format: '%.8g'}
# meta: !!omap
# - {name: Aperture photometry results}
# - {version: 'astropy: 3.2.3, photutils: 0.6'}
# - {aperture_photometry_args: 'method=''exact'', subpixels=5'}
# - {filename: Vv0009w.fits}
# - {mjd: 58756.043044}
# - __serialized_columns__:
#     celestial_center:
#       __class__: astropy.coordinates.sky_coordinate.SkyCoord
#       dec: !astropy.table.SerializedColumn
#         __class__: astropy.coordinates.angles.Latitude
#         unit: &id001 !astropy.units.Unit {unit: deg}
#         value: !astropy.table.SerializedColumn {name: celestial_center.dec}
#       equinox: !astropy.time.Time {format: jyear, in_subfmt: '*', jd1: 2451545.0, jd2: 0.0, out_subfmt: '*', precision: 3, scale: tt}
#       frame: fk5
#       ra: !astropy.table.SerializedColumn
#         __class__: astropy.coordinates.angles.Longitude
#         unit: *id001
#         value: !astropy.table.SerializedColumn {name: celestial_center.ra}
#         wrap_angle: !astropy.coordinates.Angle
#           unit: *id001
#           value: 360.0
#       representation_type: spherical
#     xcenter:
#       __class__: astropy.units.quantity.Quantity
#       __info__: {format: '%.8g'}
#       unit: &id002 !astropy.units.Unit {unit: pix}
#       value: !astropy.table.SerializedColumn {name: xcenter}
#     ycenter:
#       __class__: astropy.units.quantity.Quantity
#       __info__: {format: '%.8g'}
#       unit: *id002
#       value: !astropy.table.SerializedColumn {name: ycenter}
# schema: astropy-2.0
id xcenter ycenter celestial_center.ra celestial_center.dec aperture_sum aper_bkg aper_sum_bkgsub inst_mag inst_mag_err
1 290.87603 936.14502 339.9309116332097 -46.95896346604986 85573.579 80213.901 5359.6782 15.677153 0.0033203264
2 99.652241 915.14106 339.9753472928264 -46.95607035548032 83224.114 82339.238 884.87557 17.632794 0.003454887
3 831.84974 859.57669 339.8063180584209 -46.946100185950634 94105.88 78748.168 15357.711 14.534184 0.0031726289
4 971.76909 840.03626 339.774384859963 -46.94292648511229 84397.924 79248.168 5149.7557 15.720533 0.003428109
5 318.81285 831.87777 339.9244439002713 -46.9424540551947 308536.33 80751.774 227784.56 11.606189 0.0014483236
6 380.9695 816.50558 339.910073128662 -46.93991908672707 81344.087 80143.685 1200.4021 17.301683 0.0034095387
7 138.17831 785.83721 339.9663324187163 -46.93555272663767 83769.207 81833.5 1935.7073 16.782901 0.0033573963
8 264.94847 741.18234 339.9369420881068 -46.92825563747505 147675.15 80747.957 66927.194 12.935993 0.0022697507
9 528.06531 713.65478 339.87625020596846 -46.92350777142732 82221.423 79758.069 2463.3539 16.521183 0.0034005935
10 600.04587 695.10775 339.8597350114792 -46.92050527973333 82309.725 79810.274 2499.4515 16.505388 0.0033919823
11 873.6668 641.61085 339.79724228355605 -46.911884910386256 94354.427 79614.899 14739.528 14.578791 0.0031736848
12 202.65637 626.69461 339.9514143325325 -46.91033256266348 82257.07 81176.63 1080.4407 17.415998 0.0033986383
13 351.02309 606.51634 339.9171538445882 -46.90691105138291 95951.924 80253.239 15698.685 14.510342 0.003111369
14 304.22843 502.0929 339.92806616081674 -46.89056608723827 83180.725 81216.824 1963.9015 16.767201 0.0033504955
15 515.28938 486.0783 339.879557510591 -46.887790942678855 82029.958 80708.017 1321.9407 17.19697 0.0035090855
16 215.599 472.80121 339.94854866216434 -46.88609721995566 103693.57 81267.554 22426.016 14.12312 0.0028834641
17 246.42306 459.75906 339.94144960002023 -46.88399988687038 89537.33 81887.243 7650.087 15.290834 0.0032649148
18 257.34874 443.93737 339.9389496824871 -46.881497984395594 84794.524 81839.523 2955.001 16.323606 0.0033069274
19 423.21991 443.19687 339.90077411190816 -46.881165358066696 114204.14 80759.241 33444.902 13.689175 0.002698849
20 481.28014 438.925 339.88745346936054 -46.88043245731415 96571.824 80729.346 15842.478 14.500442 0.0030992159
21 637.94044 410.50152 339.8516499887558 -46.87584609883195 328875.11 81373.301 247501.81 11.516054 0.0014049974
22 429.29699 370.75898 339.89952022766477 -46.8698011684382 84877.94 81102.483 3775.4569 16.057576 0.0033199901
23 515.5687 371.54677 339.87974095014977 -46.86984244260815 83449.502 81184.765 2264.7377 16.612455 0.0034372731
24 759.14236 339.23882 339.8242122962528 -46.8646400769443 85810.967 80687.538 5123.4285 15.726098 0.0034115058
25 726.73202 315.73611 339.83166735820873 -46.860980412703654 90617.217 81086.506 9530.7111 15.052187 0.0032567189
26 493.14441 243.66914 339.8851945101856 -46.849846803513636 94316.649 81098.867 13217.782 14.697104 0.0031490669
27 914.75899 237.02266 339.7892403804789 -46.84867118476578 83559.903 80186.01 3373.8929 16.179672 0.0033692634
28 793.69722 233.95298 339.81671456325086 -46.84819607774725 84476.381 80312.881 4163.5002 15.951354 0.0034220679
29 700.96872 230.73629 339.8378113948275 -46.84771568569777 82533.359 80724.066 1809.2931 16.856228 0.0034790502
30 246.39327 222.00113 339.9418371149308 -46.84669268600296 85571.985 82191.47 3380.5151 16.177543 0.0034020478
31 444.75805 213.59915 339.89634604413504 -46.84518063119284 84570.188 81211.159 3359.0287 16.184466 0.0034112193
32 990.52132 205.85412 339.77222596186016 -46.84383055751941 80071.272 79828.368 242.90389 19.036414 0.0035515548
33 775.27733 165.33611 339.8211530470637 -46.83749844653682 82989.539 80251.771 2737.7678 16.406508 0.0033538189
34 792.34645 152.30356 339.8173289721709 -46.83546609775758 83346.489 80153.402 3193.0874 16.239473 0.0034363703
35 797.60482 145.64655 339.81616198525325 -46.83442859657389 83317.663 80118.871 3198.7928 16.237535 0.0034416698
36 227.36577 138.11287 339.9463856755389 -46.833574650860236 84171.062 82345.042 1826.0195 16.846236 0.0032463792
37 184.36424 121.51678 339.95630639868426 -46.83102506663734 86929.903 82690.697 4239.2062 15.931789 0.003260442
38 709.91813 119.30668 339.8361721151998 -46.83033087194162 83060.939 80388.186 2672.7535 16.432603 0.0034520115
39 25.984281 28.034789 339.9929576288067 -46.816583688132546 90852.107 55878.921 34973.186 13.640662 0.024247136
