Tablas/Vv0017w.ecsv
# %ECSV 0.9
# ---
# datatype:
# - {name: id, datatype: int64, format: '%.8g'}
# - {name: xcenter, unit: pix, datatype: float64, format: '%.8g'}
# - {name: ycenter, unit: pix, datatype: float64, format: '%.8g'}
# - {name: celestial_center.ra, unit: deg, datatype: float64}
# - {name: celestial_center.dec, unit: deg, datatype: float64}
# - {name: aperture_sum, datatype: float64, format: '%.8g'}
# - {name: aper_bkg, datatype: float64, format: '%.8g'}
# - {name: aper_sum_bkgsub, datatype: float64, format: '%.8g'}
# - {name: inst_mag, datatype: float64, format: '%.8g'}
# - {name: inst_mag_err, datatype: float64, format: '%.8g'}
# meta: !!omap
# - {name: Aperture photometry results}
# - {version: 'astropy: 3.2.3, photutils: 0.6'}
# - {aperture_photometry_args: 'method=''exact'', subpixels=5'}
# - {filename: Vv0017w.fits}
# - {mjd: 58756.052014}
# - __serialized_columns__:
#     celestial_center:
#       __class__: astropy.coordinates.sky_coordinate.SkyCoord
#       dec: !astropy.table.SerializedColumn
#         __class__: astropy.coordinates.angles.Latitude
#         unit: &id001 !astropy.units.Unit {unit: deg}
#         value: !astropy.table.SerializedColumn {name: celestial_center.dec}
#       equinox: !astropy.time.Time {format: jyear, in_subfmt: '*', jd1: 2451545.0, jd2: 0.0, out_subfmt: '*', precision: 3, scale: tt}
#       frame: fk5
#       ra: !astropy.table.SerializedColumn
#         __class__: astropy.coordinates.angles.Longitude
#         unit: *id001
#         value: !astropy.table.SerializedColumn {name: celestial_center.ra}
#         wrap_angle: !astropy.coordinates.Angle
#           unit: *id001
#           value: 360.0
#       representation_type: spherical
#     xcenter:
#       __class__: astropy.units.quantity.Quantity
#       __info__: {format: '%.8g'}
#       unit: &id002 !astropy.units.Unit {unit: pix}
#       value: !astropy.table.SerializedColumn {name: xcenter}
#     ycenter:
#       __class__: astropy.units.quantity.Quantity
#       __info__: {format: '%.8g'}
#       unit: *id002
#       value: !astropy.table.SerializedColumn {name: ycenter}
# schema: astropy-2.0
id xcenter ycenter celestial_center.ra celestial_center.dec aperture_sum aper_bkg aper_sum_bkgsub inst_mag inst_mag_err
1 289.22999 936.15082 339.9309116332097 -46.95896346604986 85270.979 79671.188 5599.7915 15.62957 0.0032972634
2 96.152336 917.14024 339.9753472928264 -46.95607035548032 83296.596 82133.092 1163.504 17.33558 0.0033494777
3 828.65038 861.37057 339.8063180584209 -46.946100185950634 95016.191 78152.524 16863.667 14.43262 0.0030609539
4 966.6774 843.93957 339.774384859963 -46.94292648511229 83764.426 78682.922 5081.5044 15.735019 0.0033584136
5 316.79554 832.19004 339.9244439002713 -46.9424540551947 309909.19 80140.178 229769.01 11.596771 0.0014577336
6 379.12399 816.63043 339.910073128662 -46.93991908672707 81154.651 79687.689 1466.9616 17.083953 0.0034342247
7 134.63753 787.74461 339.9663324187163 -46.93555272663767 82772.811 81665.067 1107.7434 17.388902 0.0033819472
8 262.2794 742.11534 339.9369420881068 -46.92825563747505 148243.9 80156.119 68087.78 12.917327 0.0023133695
9 525.7951 714.21021 339.87625020596846 -46.92350777142732 81405.197 79258.993 2146.2036 16.670823 0.0034301651
10 597.45429 696.03036 339.8597350114792 -46.92050527973333 82264.933 79274.314 2990.6188 16.310597 0.0034676554
11 868.41703 645.52914 339.79724228355605 -46.911884910386256 94344.45 79119.585 15224.864 14.543616 0.0030678002
12 199.29328 628.28164 339.9514143325325 -46.91033256266348 82772.228 80647.773 2124.4545 16.681881 0.0033595041
13 348.33476 607.39477 339.9171538445882 -46.90691105138291 96122.787 79699.402 16423.385 14.461343 0.0030382133
14 301.2273 503.23632 339.92806616081674 -46.89056608723827 83164.056 80631.22 2532.8365 16.490982 0.0033791874
15 512.27414 487.31906 339.879557510591 -46.887790942678855 81933.775 80089.646 1844.1299 16.835521 0.0034772807
16 212.18076 474.35411 339.94854866216434 -46.88609721995566 103500.39 80830.369 22670.023 14.11137 0.0029522164
17 243.16554 461.14013 339.94144960002023 -46.88399988687038 86195.688 81269.592 4926.0956 15.768743 0.0033569101
18 254.13932 445.26216 339.9389496824871 -46.881497984395594 83509.809 81139.997 2369.8119 16.563215 0.0033635515
19 420.31266 444.2602 339.90077411190816 -46.881165358066696 113134.44 80197.595 32936.848 13.705795 0.0027730272
20 478.27627 440.1195 339.88745346936054 -46.88043245731415 95440.1 79818.733 15621.367 14.515702 0.0030603156
21 634.11557 412.66371 339.8516499887558 -46.87584609883195 297138.09 80657.426 216480.66 11.661452 0.0014933821
22 426.33139 371.86461 339.89952022766477 -46.8698011684382 84381.398 80607.441 3773.9574 16.058008 0.0034099047
23 512.37622 372.94427 339.87974095014977 -46.86984244260815 83831.145 80701.915 3129.2305 16.261406 0.0034490588
24 754.0187 342.87296 339.8242122962528 -46.8646400769443 84803.656 80271.771 4531.885 15.859303 0.0034105077
25 721.92206 319.00702 339.83166735820873 -46.860980412703654 89395.584 80353.246 9042.3371 15.109298 0.0032864875
26 490.02379 244.9546 339.8851945101856 -46.849846803513636 94527.093 80695.039 13832.053 14.647783 0.0031487466
27 907.20171 243.40056 339.7892403804789 -46.84867118476578 83163.256 79763.596 3399.6603 16.171411 0.0034562133
28 787.96194 238.27142 339.81671456325086 -46.84819607774725 83520.237 80085.752 3434.4853 16.160346 0.0034652751
29 696.3321 233.79977 339.8378113948275 -46.84771568569777 82289.641 80248.363 2041.278 16.725245 0.0034787347
30 243.41134 222.9998 339.9418371149308 -46.84669268600296 85337.257 81755.864 3581.3937 16.11487 0.0033926731
31 441.834 214.63986 339.89634604413504 -46.84518063119284 83764.599 80691.758 3072.8414 16.28115 0.0033494591
32 981.51716 213.85726 339.77222596186016 -46.84383055751941 83409.179 79583.402 3825.7765 16.043201 0.0034436786
33 769.72743 169.44707 339.8211530470637 -46.83749844653682 82862.103 79742.878 3119.2245 16.264883 0.0034798758
34 786.56104 156.6841 339.8173289721709 -46.83546609775758 83244.666 79697.684 3546.9824 16.125352 0.0034463316
35 791.74387 150.11391 339.81616198525325 -46.83442859657389 83162.455 79731.086 3431.3683 16.161332 0.0033487723
36 224.57406 138.88319 339.9463856755389 -46.833574650860236 83842.256 82145.069 1697.1872 16.925676 0.0033637338
37 181.46742 122.37822 339.95630639868426 -46.83102506663734 86260.538 82639.928 3620.6099 16.103046 0.003355692
38 705.17894 122.49843 339.8361721151998 -46.83033087194162 82505.586 79657.343 2848.2428 16.363557 0.0033831522
39 22.508539 29.444424 339.9929576288067 -46.816583688132546 90210.804 52606.254 37604.549 13.561899 0.024464044
