Tablas/Vv0031w.ecsv
# %ECSV 0.9
# ---
# datatype:
# - {name: id, datatype: int64, format: '%.8g'}
# - {name: xcenter, unit: pix, datatype: float64, format: '%.8g'}
# - {name: ycenter, unit: pix, datatype: float64, format: '%.8g'}
# - {name: sky_center.ra, unit: deg, datatype: float64}
# - {name: sky_center.dec, unit: deg, datatype: float64}
# - {name: aperture_sum, datatype: float64, format: '%.8g'}
# - {name: aper_bkg, datatype: float64, format: '%.8g'}
# - {name: aper_sum_bkgsub, datatype: float64, format: '%.8g'}
# - {name: inst_mag, datatype: float64, format: '%.8g'}
# - {name: inst_mag_err, datatype: float64, format: '%.8g'}
# meta: !!omap
# - {name: Aperture photometry results}
# - {version: 'astropy: 3.2.3, photutils: 0.7.2'}
# - {aperture_photometry_args: 'method=''exact'', subpixels=5'}
# - {filename: Vv0031w.fits}
# - {mjd: 58756.067708}
# - __serialized_columns__:
#     sky_center:
#       __class__: astropy.coordinates.sky_coordinate.SkyCoord
#       dec: !astropy.table.SerializedColumn
#         __class__: astropy.coordinates.angles.Latitude
#         unit: &id001 !astropy.units.Unit {unit: deg}
#         value: !astropy.table.SerializedColumn {name: sky_center.dec}
#       equinox: !astropy.time.Time {format: jyear, in_subfmt: '*', jd1: 2451545.0, jd2: 0.0, out_subfmt: '*', precision: 3, scale: tt}
#       frame: fk5
#       ra: !astropy.table.SerializedColumn
#         __class__: astropy.coordinates.angles.Longitude
#         unit: *id001
#         value: !astropy.table.SerializedColumn {name: sky_center.ra}
#         wrap_angle: !astropy.coordinates.Angle
#           unit: *id001
#           value: 360.0
#       representation_type: spherical
#     xcenter:
#       __class__: astropy.units.quantity.Quantity
#       __info__: {format: '%.8g'}
#       unit: &id002 !astropy.units.Unit {unit: pix}
#       value: !astropy.table.SerializedColumn {name: xcenter}
#     ycenter:
#       __class__: astropy.units.quantity.Quantity
#       __info__: {format: '%.8g'}
#       unit: *id002
#       value: !astropy.table.SerializedColumn {name: ycenter}
# schema: astropy-2.0
id xcenter ycenter sky_center.ra sky_center.dec aperture_sum aper_bkg aper_sum_bkgsub inst_mag inst_mag_err
1 294.43103 933.31398 339.9309116332052 -46.958963466049454 83942.912 78375.14 5567.7724 15.635796 0.0034319658
2 101.25286 913.68482 339.97534729282194 -46.9560703554799 81434.8 80361.534 1073.2658 17.423232 0.0034242941
3 837.12389 855.26933 339.8063180584164 -46.94610018595023 91903.273 76906.999 14996.275 14.560042 0.003216349
4 976.23163 836.19992 339.7743848599585 -46.942926485111876 81821.792 77689.883 4131.9086 15.959623 0.0035074021
5 323.35521 828.27686 339.9244439002668 -46.94245405519429 307309.99 78736.101 228573.89 11.602433 0.0014649854
6 386.00748 812.53969 339.91007312865753 -46.93991908672667 79793.489 78238.288 1555.2009 17.020534 0.0034850231
7 141.39809 783.13747 339.96633241871183 -46.93555272663725 81892.115 80131.029 1761.0864 16.885548 0.0035114791
8 269.63512 737.43624 339.9369420881023 -46.928255637474635 145990.15 78829.152 67160.994 12.932207 0.0022966126
9 534.00276 709.00241 339.87625020596397 -46.92350777142691 79986.766 78172.938 1813.8282 16.85351 0.0034605773
10 606.03237 690.40483 339.8597350114747 -46.920505279732915 80838.538 78145.775 2692.7636 16.424504 0.0035213694
11 878.48465 637.64724 339.79724228355155 -46.91188491038585 93901.239 77869.445 16031.794 14.487545 0.0031777454
12 207.46413 622.8124 339.95141433252803 -46.91033256266307 80682.977 79330.439 1352.5382 17.172126 0.0035159843
13 356.76603 601.99867 339.9171538445837 -46.90691105138251 94451.29 78737.062 15714.228 14.509267 0.0030687752
14 310.01821 497.53262 339.92806616081225 -46.89056608723786 81388.895 79636.182 1752.7127 16.890723 0.00353465
15 521.37159 481.35403 339.8795575105865 -46.88779094267845 80458.649 79284.457 1174.1916 17.325653 0.003535259
16 221.03115 468.46365 339.94854866215985 -46.886097219955246 102068.65 79680.1 22388.551 14.124935 0.0029816477
17 252.03955 455.30476 339.94144960001574 -46.883999886869965 86559.123 79845.701 6713.4216 15.43264 0.003371164
18 263.03927 439.43699 339.9389496824826 -46.88149798439518 81949.624 79715.604 2234.0199 16.627282 0.0034148757
19 429.30243 438.4724 339.9007741119037 -46.88116535806628 111168.89 79134.204 32034.689 13.735949 0.0028141533
20 487.34597 434.22539 339.88745346935605 -46.880432457313745 93841.879 79194.263 14647.616 14.585583 0.0031699816
21 643.49146 406.19577 339.8516499887513 -46.875846098831545 295860.39 79671.298 216189.09 11.662916 0.0014846302
22 435.30211 366.11934 339.8995202276603 -46.86980116843778 82688.078 79192.508 3495.5704 16.141205 0.0033837623
23 521.44717 367.01816 339.8797409501453 -46.86984244260774 81805.33 79338.793 2466.5375 16.519781 0.0034014584
24 763.56098 335.78762 339.82421229624833 -46.86464007694389 83682.586 78808.663 4873.923 15.780303 0.0033569365
25 731.27744 312.21611 339.83166735820424 -46.86098041270324 87582.891 79053.868 8529.0227 15.172752 0.0033240314
26 498.65341 239.48081 339.8851945101811 -46.84984680351322 92940.524 79293.575 13646.949 14.662411 0.0031190185
27 916.73674 235.39803 339.7892403804744 -46.848671184765365 81477.414 78708.192 2769.2216 16.394106 0.0034368388
28 797.07179 231.3465 339.8167145632464 -46.848196077746856 82405.599 78661.32 3744.2781 16.06658 0.0034842142
29 705.18701 227.5271 339.837811394823 -46.847715685697366 80881.187 78832.458 2048.7283 16.721289 0.0034213655
30 252.01953 217.61619 339.94183711492633 -46.846692686002555 82988.688 80284.034 2704.6541 16.419721 0.0033636315
31 450.28975 209.39816 339.89634604413055 -46.845180631192434 82402.322 79648.27 2754.0526 16.400069 0.0034758517
32 991.12108 205.23671 339.7722259618557 -46.843830557519006 78922.651 78381.751 540.89974 18.167208 0.0035771932
33 778.28494 163.06834 339.8211530470592 -46.83749844653641 81142.732 78333.307 2809.4246 16.378457 0.0035248418
34 795.05154 150.26853 339.8173289721664 -46.83546609775716 81484.533 78636.45 2848.0825 16.363619 0.0035222233
35 800.18982 143.70578 339.8161619852488 -46.83442859657349 81316.71 78617.397 2699.3128 16.421867 0.003527303
36 232.77667 133.91816 339.94638567553443 -46.83357465085982 82430.752 80608.475 1822.2769 16.848464 0.0032997655
37 189.65435 117.38377 339.95630639867977 -46.83102506663694 84988.319 81286.048 3702.2712 16.078829 0.0033949812
38 713.20446 116.88554 339.8361721151953 -46.8303308719412 81846.384 78692.694 3153.6899 16.252953 0.0034147915
39 30.516561 24.344441 339.99295762880223 -46.81658368813214 88611.188 55784.898 32826.291 13.709445 0.024372796
