Tablas/Vv0011w.ecsv
# %ECSV 0.9
# ---
# datatype:
# - {name: id, datatype: int64, format: '%.8g'}
# - {name: xcenter, unit: pix, datatype: float64, format: '%.8g'}
# - {name: ycenter, unit: pix, datatype: float64, format: '%.8g'}
# - {name: celestial_center.ra, unit: deg, datatype: float64}
# - {name: celestial_center.dec, unit: deg, datatype: float64}
# - {name: aperture_sum, datatype: float64, format: '%.8g'}
# - {name: aper_bkg, datatype: float64, format: '%.8g'}
# - {name: aper_sum_bkgsub, datatype: float64, format: '%.8g'}
# - {name: inst_mag, datatype: float64, format: '%.8g'}
# - {name: inst_mag_err, datatype: float64, format: '%.8g'}
# meta: !!omap
# - {name: Aperture photometry results}
# - {version: 'astropy: 3.2.3, photutils: 0.6'}
# - {aperture_photometry_args: 'method=''exact'', subpixels=5'}
# - {filename: Vv0011w.fits}
# - {mjd: 58756.045289}
# - __serialized_columns__:
#     celestial_center:
#       __class__: astropy.coordinates.sky_coordinate.SkyCoord
#       dec: !astropy.table.SerializedColumn
#         __class__: astropy.coordinates.angles.Latitude
#         unit: &id001 !astropy.units.Unit {unit: deg}
#         value: !astropy.table.SerializedColumn {name: celestial_center.dec}
#       equinox: !astropy.time.Time {format: jyear, in_subfmt: '*', jd1: 2451545.0, jd2: 0.0, out_subfmt: '*', precision: 3, scale: tt}
#       frame: fk5
#       ra: !astropy.table.SerializedColumn
#         __class__: astropy.coordinates.angles.Longitude
#         unit: *id001
#         value: !astropy.table.SerializedColumn {name: celestial_center.ra}
#         wrap_angle: !astropy.coordinates.Angle
#           unit: *id001
#           value: 360.0
#       representation_type: spherical
#     xcenter:
#       __class__: astropy.units.quantity.Quantity
#       __info__: {format: '%.8g'}
#       unit: &id002 !astropy.units.Unit {unit: pix}
#       value: !astropy.table.SerializedColumn {name: xcenter}
#     ycenter:
#       __class__: astropy.units.quantity.Quantity
#       __info__: {format: '%.8g'}
#       unit: *id002
#       value: !astropy.table.SerializedColumn {name: ycenter}
# schema: astropy-2.0
id xcenter ycenter celestial_center.ra celestial_center.dec aperture_sum aper_bkg aper_sum_bkgsub inst_mag inst_mag_err
1 292.46018 937.14093 339.9309116332097 -46.95896346604986 86125.77 80697.932 5427.8385 15.663433 0.0032969262
2 97.851836 918.06098 339.9753472928264 -46.95607035548032 83919.768 82985.414 934.35468 17.573721 0.0033545875
3 833.18785 862.42431 339.8063180584209 -46.946100185950634 94649.131 78858.792 15790.339 14.504021 0.0031512738
4 970.47255 845.05605 339.774384859963 -46.94292648511229 84441.544 79745.138 4696.4061 15.820586 0.0034390964
5 321.11576 832.96796 339.9244439002713 -46.9424540551947 308733.85 81245.112 227488.74 11.6076 0.0014473926
6 383.82767 817.41413 339.910073128662 -46.93991908672707 81886.365 80242.409 1643.9559 16.960275 0.0034069839
7 138.15636 788.35365 339.9663324187163 -46.93555272663767 84263.35 82306.508 1956.8417 16.771111 0.0033351088
8 266.97017 742.72606 339.9369420881068 -46.92825563747505 147936.92 81149.642 66787.283 12.938266 0.0022768176
9 531.13287 715.00623 339.87625020596846 -46.92350777142732 82171.111 80174.196 1996.9143 16.749101 0.0034832791
10 602.70677 696.88739 339.8597350114792 -46.92050527973333 83511.583 80124.598 3386.985 16.175467 0.0033770814
11 872.16691 646.68071 339.79724228355605 -46.911884910386256 95020.848 79813.774 15207.074 14.544886 0.0031388278
12 204.39339 628.72425 339.9514143325325 -46.91033256266348 83145.117 81629.413 1515.7035 17.048464 0.0034537905
13 353.88223 607.98964 339.9171538445882 -46.90691105138291 96504.766 80759.726 15745.04 14.507141 0.0030441671
14 306.94678 503.78714 339.92806616081674 -46.89056608723827 84270.224 81694.464 2575.7607 16.472736 0.0033439379
15 517.56564 488.19286 339.879557510591 -46.887790942678855 82348.741 81206.848 1141.8939 17.355936 0.0034859328
16 217.88791 474.78665 339.94854866216434 -46.88609721995566 103959.38 81699.237 22260.146 14.13118 0.0029436454
17 248.92197 461.62568 339.94144960002023 -46.88399988687038 86959.623 82224.877 4734.7451 15.811758 0.0033271055
18 259.91533 445.77475 339.9389496824871 -46.881497984395594 83985.424 82160.629 1824.7949 16.846965 0.0033471216
19 425.83595 445.04061 339.90077411190816 -46.881165358066696 114451.45 81180.903 33270.545 13.69485 0.0027504655
20 483.58082 440.9995 339.88745346936054 -46.88043245731415 96980.786 80874.699 16106.087 14.482525 0.0030148635
21 638.39842 413.85004 339.8516499887558 -46.87584609883195 320621.27 81630.009 238991.26 11.554045 0.0014276554
22 431.64213 372.75911 339.89952022766477 -46.8698011684382 84834.822 81599.991 3234.831 16.225371 0.0034104872
23 517.25471 373.99368 339.87974095014977 -46.86984244260815 84027.885 81583.434 2444.4509 16.529547 0.00334516
24 756.69849 344.43864 339.8242122962528 -46.8646400769443 85608.649 81070.989 4537.6601 15.85792 0.0033818518
25 724.72275 320.5788 339.83166735820873 -46.860980412703654 90545.399 81167.521 9377.8774 15.069739 0.0032512016
26 494.30671 246.25586 339.8851945101856 -46.849846803513636 94697.134 81746.076 12951.057 14.719237 0.0030713412
27 906.81386 245.59317 339.7892403804789 -46.84867118476578 83578.327 80713.778 2864.5486 16.35736 0.0034520275
28 789.15867 240.23461 339.81671456325086 -46.84819607774725 84730.724 81259.639 3471.0857 16.148837 0.0033982197
29 698.58461 235.5825 339.8378113948275 -46.84771568569777 83309.354 81103.814 2205.5398 16.641213 0.0033718807
30 248.91429 223.81046 339.9418371149308 -46.84669268600296 86074.624 82787.535 3287.0899 16.207971 0.0033788639
31 446.2602 215.91775 339.89634604413504 -46.84518063119284 85002.259 81720.796 3281.4635 16.209831 0.003300857
32 979.54298 216.3214 339.77222596186016 -46.84383055751941 84663.704 80336.231 4327.4729 15.909414 0.0034062829
33 770.32694 171.62824 339.8211530470637 -46.83749844653682 83608.219 81109.036 2499.1833 16.505505 0.0034337478
34 786.76282 158.95546 339.8173289721709 -46.83546609775758 83620.575 80835.16 2785.4145 16.387775 0.0034590499
35 791.7849 152.42437 339.81616198525325 -46.83442859657389 84038.623 80773.785 3264.8384 16.215346 0.0034433787
36 229.80337 139.85445 339.9463856755389 -46.833574650860236 84595.441 82768.351 1827.0902 16.8456 0.0034145894
37 186.79651 123.28646 339.95630639868426 -46.83102506663734 87251.023 83290.419 3960.6042 16.005596 0.0033391062
38 706.0466 124.71595 339.8361721151998 -46.83033087194162 83795.237 80747.008 3048.2281 16.289881 0.0034365894
39 27.951909 30.191694 339.9929576288067 -46.816583688132546 91208.833 86664.657 4544.1759 15.856362 0.0033196021
