Tablas/Vv0038w.ecsv
# %ECSV 0.9
# ---
# datatype:
# - {name: id, datatype: int64, format: '%.8g'}
# - {name: xcenter, unit: pix, datatype: float64, format: '%.8g'}
# - {name: ycenter, unit: pix, datatype: float64, format: '%.8g'}
# - {name: sky_center.ra, unit: deg, datatype: float64}
# - {name: sky_center.dec, unit: deg, datatype: float64}
# - {name: aperture_sum, datatype: float64, format: '%.8g'}
# - {name: aper_bkg, datatype: float64, format: '%.8g'}
# - {name: aper_sum_bkgsub, datatype: float64, format: '%.8g'}
# - {name: inst_mag, datatype: float64, format: '%.8g'}
# - {name: inst_mag_err, datatype: float64, format: '%.8g'}
# meta: !!omap
# - {name: Aperture photometry results}
# - {version: 'astropy: 3.2.3, photutils: 0.7.2'}
# - {aperture_photometry_args: 'method=''exact'', subpixels=5'}
# - {filename: Vv0038w.fits}
# - {mjd: 58756.075556}
# - __serialized_columns__:
#     sky_center:
#       __class__: astropy.coordinates.sky_coordinate.SkyCoord
#       dec: !astropy.table.SerializedColumn
#         __class__: astropy.coordinates.angles.Latitude
#         unit: &id001 !astropy.units.Unit {unit: deg}
#         value: !astropy.table.SerializedColumn {name: sky_center.dec}
#       equinox: !astropy.time.Time {format: jyear, in_subfmt: '*', jd1: 2451545.0, jd2: 0.0, out_subfmt: '*', precision: 3, scale: tt}
#       frame: fk5
#       ra: !astropy.table.SerializedColumn
#         __class__: astropy.coordinates.angles.Longitude
#         unit: *id001
#         value: !astropy.table.SerializedColumn {name: sky_center.ra}
#         wrap_angle: !astropy.coordinates.Angle
#           unit: *id001
#           value: 360.0
#       representation_type: spherical
#     xcenter:
#       __class__: astropy.units.quantity.Quantity
#       __info__: {format: '%.8g'}
#       unit: &id002 !astropy.units.Unit {unit: pix}
#       value: !astropy.table.SerializedColumn {name: xcenter}
#     ycenter:
#       __class__: astropy.units.quantity.Quantity
#       __info__: {format: '%.8g'}
#       unit: *id002
#       value: !astropy.table.SerializedColumn {name: ycenter}
# schema: astropy-2.0
id xcenter ycenter sky_center.ra sky_center.dec aperture_sum aper_bkg aper_sum_bkgsub inst_mag inst_mag_err
1 290.8635 936.09306 339.9309116332052 -46.958963466049454 83892.838 78689.418 5203.4197 15.709278 0.0034377936
2 96.956013 917.98008 339.97534729282194 -46.9560703554799 81593.061 80692.724 900.33678 17.613988 0.0034089987
3 830.71709 860.60164 339.8063180584164 -46.94610018595023 93393.71 76741.226 16652.484 14.446302 0.0030930765
4 968.19873 843.53328 339.7743848599585 -46.942926485111876 82336.006 77395.086 4940.9198 15.76548 0.0034708437
5 319.05165 831.76788 339.9244439002668 -46.94245405519429 308932.22 79078.228 229853.99 11.59637 0.0014442136
6 381.58629 816.01791 339.91007312865753 -46.93991908672667 79400.837 78288.668 1112.1683 17.384574 0.0034900979
7 136.43457 787.87867 339.96633241871183 -46.93555272663725 81743.722 80263.838 1479.884 17.074431 0.0034050708
8 264.745 741.67691 339.9369420881023 -46.928255637474635 146792.06 78860.587 67931.469 12.919822 0.0023258867
9 528.60612 713.3945 339.87625020596397 -46.92350777142691 80149.34 78172.798 1976.5418 16.760235 0.0034605394
10 600.20262 695.26282 339.8597350114747 -46.920505279732915 80809.333 78179.965 2629.3675 16.450372 0.00344389
11 870.21291 645.51719 339.79724228355155 -46.91188491038585 93394.693 78160.443 15234.25 14.542947 0.0031944396
12 201.94278 627.8201 339.95141433252803 -46.91033256266307 81261.624 79722.108 1539.5163 17.031539 0.0034201974
13 351.27658 606.68019 339.9171538445837 -46.90691105138251 94900.954 78770.709 16130.245 14.480898 0.0031497865
14 304.21961 502.56645 339.92806616081225 -46.89056608723786 81754.803 79360.516 2394.2873 16.552059 0.003410228
15 515.08935 486.82031 339.8795575105865 -46.88779094267845 80339.195 79205.08 1134.1143 17.363358 0.0035552445
16 215.09986 473.74679 339.94854866215985 -46.886097219955246 102279.29 79733.428 22545.864 14.117333 0.002982299
17 246.12496 460.50938 339.94144960001574 -46.883999886869965 84901.328 80124.231 4777.0964 15.80209 0.0034109883
18 257.10765 444.63163 339.9389496824826 -46.88149798439518 82404.655 80082.641 2322.0145 16.585338 0.0034080188
19 423.22532 443.70978 339.9007741119037 -46.88116535806628 111368.92 79090.596 32278.326 13.727722 0.0027486315
20 481.08464 439.66803 339.88745346935605 -46.880432457313745 93592.259 78913.01 14679.248 14.58324 0.0031803602
21 636.37625 412.71566 339.8516499887513 -46.875846098831545 328357.76 79801.083 248556.67 11.511436 0.0013962916
22 429.10165 371.47834 339.8995202276603 -46.86980116843778 83160.055 79301.284 3858.7708 16.033878 0.0034643832
23 514.94041 372.75517 339.8797409501453 -46.86984244260774 82358.365 79646.914 2711.4513 16.416995 0.0034827372
24 755.38535 343.76784 339.82421229624833 -46.86464007694389 83397.444 79250.47 4146.974 15.955672 0.0034641065
25 723.35615 319.86431 339.83166735820424 -46.86098041270324 87730.562 79160.077 8570.4846 15.167487 0.0033200345
26 492.19215 245.1489 339.8851945101811 -46.84984680351322 92688.946 79639.989 13048.957 14.711061 0.0031193283
27 906.84348 245.88809 339.7892403804744 -46.848671184765365 81708.919 78821.108 2887.8111 16.348578 0.0034888493
28 788.49643 239.97888 339.8167145632464 -46.848196077746856 82471.156 78809.196 3661.9602 16.090716 0.003377763
29 697.44341 234.99006 339.837811394823 -46.847715685697366 80925.13 79141.595 1783.5356 16.871796 0.0035294975
30 246.04395 222.64012 339.94183711492633 -46.846692686002555 83463.332 80624.759 2838.5733 16.36725 0.0033772155
31 444.03289 214.78373 339.89634604413055 -46.845180631192434 82640.359 79717.023 2923.3365 16.335303 0.0033843479
32 980.25908 217.15313 339.7722259618557 -46.843830557519006 82318.467 78750.741 3567.7261 16.119021 0.0035058655
33 769.91289 171.49148 339.8211530470592 -46.83749844653641 81613.163 78759.192 2853.9714 16.361376 0.0034984096
34 786.52371 158.93236 339.8173289721664 -46.83546609775716 81661.908 78785.27 2876.6374 16.352787 0.0034157137
35 791.61577 152.44521 339.8161619852488 -46.83442859657349 81492.212 78734.735 2757.4775 16.39872 0.0034024145
36 226.94193 138.68593 339.94638567553443 -46.83357465085982 82557.256 80859.89 1697.3654 16.925562 0.0033756053
37 183.8159 122.14244 339.95630639867977 -46.83102506663694 85171.11 81324.174 3846.9365 16.037212 0.0034023727
38 705.47927 124.43082 339.8361721151953 -46.8303308719412 81378.244 78816.011 2562.2326 16.478454 0.0035098401
39 24.536501 29.187093 339.99295762880223 -46.81658368813214 89501.373 54222.411 35278.962 13.631211 0.02414734
