Tablas/Vv0039w.ecsv
# %ECSV 0.9
# ---
# datatype:
# - {name: id, datatype: int64, format: '%.8g'}
# - {name: xcenter, unit: pix, datatype: float64, format: '%.8g'}
# - {name: ycenter, unit: pix, datatype: float64, format: '%.8g'}
# - {name: sky_center.ra, unit: deg, datatype: float64}
# - {name: sky_center.dec, unit: deg, datatype: float64}
# - {name: aperture_sum, datatype: float64, format: '%.8g'}
# - {name: aper_bkg, datatype: float64, format: '%.8g'}
# - {name: aper_sum_bkgsub, datatype: float64, format: '%.8g'}
# - {name: inst_mag, datatype: float64, format: '%.8g'}
# - {name: inst_mag_err, datatype: float64, format: '%.8g'}
# meta: !!omap
# - {name: Aperture photometry results}
# - {version: 'astropy: 3.2.3, photutils: 0.7.2'}
# - {aperture_photometry_args: 'method=''exact'', subpixels=5'}
# - {filename: Vv0039w.fits}
# - {mjd: 58756.076678}
# - __serialized_columns__:
#     sky_center:
#       __class__: astropy.coordinates.sky_coordinate.SkyCoord
#       dec: !astropy.table.SerializedColumn
#         __class__: astropy.coordinates.angles.Latitude
#         unit: &id001 !astropy.units.Unit {unit: deg}
#         value: !astropy.table.SerializedColumn {name: sky_center.dec}
#       equinox: !astropy.time.Time {format: jyear, in_subfmt: '*', jd1: 2451545.0, jd2: 0.0, out_subfmt: '*', precision: 3, scale: tt}
#       frame: fk5
#       ra: !astropy.table.SerializedColumn
#         __class__: astropy.coordinates.angles.Longitude
#         unit: *id001
#         value: !astropy.table.SerializedColumn {name: sky_center.ra}
#         wrap_angle: !astropy.coordinates.Angle
#           unit: *id001
#           value: 360.0
#       representation_type: spherical
#     xcenter:
#       __class__: astropy.units.quantity.Quantity
#       __info__: {format: '%.8g'}
#       unit: &id002 !astropy.units.Unit {unit: pix}
#       value: !astropy.table.SerializedColumn {name: xcenter}
#     ycenter:
#       __class__: astropy.units.quantity.Quantity
#       __info__: {format: '%.8g'}
#       unit: *id002
#       value: !astropy.table.SerializedColumn {name: ycenter}
# schema: astropy-2.0
id xcenter ycenter sky_center.ra sky_center.dec aperture_sum aper_bkg aper_sum_bkgsub inst_mag inst_mag_err
1 286.93749 939.51968 339.9309116332052 -46.958963466049454 84300.749 79070.288 5230.4605 15.70365 0.0033251545
2 91.151047 924.02016 339.97534729282194 -46.9560703554799 82013.484 81588.598 424.88547 18.42932 0.0033943718
3 829.99359 860.62646 339.8063180584164 -46.94610018595023 93830.448 77246.735 16583.712 14.450796 0.0031628
4 967.46658 843.92908 339.7743848599585 -46.942926485111876 82518.712 77725.166 4793.5462 15.798358 0.0034725853
5 316.34246 833.92959 339.9244439002668 -46.94245405519429 308530.07 79545.627 228984.44 11.600485 0.0014646353
6 379.44027 817.48593 339.91007312865753 -46.93991908672667 79833.524 78770.457 1063.067 17.433598 0.0034703474
7 132.53044 791.8087 339.96633241871183 -46.93555272663725 82699.469 80751.828 1947.6409 16.776228 0.0034650943
8 262.32648 743.67847 339.9369420881023 -46.928255637474635 146784.68 79324.424 67460.254 12.92738 0.0023250969
9 527.70197 713.48345 339.87625020596397 -46.92350777142691 80164.948 78250.116 1914.8326 16.794673 0.003443196
10 599.52762 695.12618 339.8597350114747 -46.920505279732915 81363.803 78659.007 2704.7957 16.419664 0.003321981
11 869.47718 645.86552 339.79724228355155 -46.91188491038585 93313.912 78177.652 15136.261 14.549953 0.0031746721
12 199.83608 629.62267 339.95141433252803 -46.91033256266307 81601.485 79690.905 1910.5799 16.797087 0.0034995436
13 350.08919 607.20687 339.9171538445837 -46.90691105138251 94797.258 78888.04 15909.218 14.495878 0.0030560547
14 303.15686 502.96711 339.92806616081225 -46.89056608723786 82456.554 80106.853 2349.7017 16.572468 0.0033928133
15 514.47198 486.58015 339.8795575105865 -46.88779094267845 80752.067 79368.92 1383.1464 17.14783 0.0035262186
16 213.75006 474.59161 339.94854866215985 -46.886097219955246 102782.29 80051.208 22731.084 14.10845 0.0029017445
17 244.94064 461.0989 339.94144960001574 -46.883999886869965 84812.676 80618.857 4193.8189 15.943476 0.0034043713
18 255.99738 445.10315 339.9389496824826 -46.88149798439518 82441.363 80358.763 2082.5994 16.703486 0.0033870381
19 422.51172 443.55989 339.9007741119037 -46.88116535806628 111830.08 79359.087 32470.992 13.721261 0.0027961895
20 480.41484 439.4482 339.88745346935605 -46.880432457313745 93821.436 79309.602 14511.834 14.595694 0.0031614976
21 635.51799 412.74768 339.8516499887513 -46.875846098831545 332100.96 79856.91 252244.05 11.495448 0.001401801
22 428.32655 371.3101 339.8995202276603 -46.86980116843778 83271.801 79599.812 3671.9896 16.087746 0.0033755292
23 514.14033 372.60688 339.8797409501453 -46.86984244260774 82380.282 79701.315 2678.9665 16.430082 0.0035005278
24 753.8203 344.67396 339.82421229624833 -46.86464007694389 83727.144 79590.1 4137.0445 15.958275 0.0034123455
25 721.78619 320.68856 339.83166735820424 -46.86098041270324 87896.91 79294.671 8602.2395 15.163471 0.0033112683
26 490.96512 245.2624 339.8851945101811 -46.84984680351322 92993.388 79778.324 13215.065 14.697327 0.0032078929
27 903.62388 248.84109 339.7892403804744 -46.848671184765365 79386.811 79168.467 218.34395 19.152147 0.0035798913
28 786.02252 241.79893 339.8167145632464 -46.848196077746856 82775.693 79211.465 3564.228 16.120086 0.0033909116
29 695.43023 236.12474 339.837811394823 -46.847715685697366 81088.766 79347.406 1741.3601 16.897779 0.0035360847
30 244.89111 222.79844 339.94183711492633 -46.846692686002555 83639.449 80858.724 2780.7249 16.389605 0.0034414651
31 442.76228 214.88356 339.89634604413055 -46.845180631192434 82937.682 79800.745 3136.9366 16.258736 0.0033810234
32 976.15738 221.26338 339.7722259618557 -46.843830557519006 83225.565 78863.091 4362.4742 15.900668 0.0034790827
33 766.96238 173.66458 339.8211530470592 -46.83749844653641 82104.373 79095.039 3009.3331 16.303824 0.0034925407
34 783.34334 161.36723 339.8173289721664 -46.83546609775716 82664.724 78795.185 3869.5396 16.030852 0.0034631868
35 788.33713 154.98541 339.8161619852488 -46.83442859657349 81732.208 78836.045 2896.1628 16.345443 0.0034921922
36 225.55552 138.92112 339.94638567553443 -46.83357465085982 82948.752 81221.144 1727.6077 16.906387 0.0034669238
37 182.36116 122.48286 339.95630639867977 -46.83102506663694 85205.359 81668.047 3537.3124 16.128316 0.0033124842
38 702.51174 126.39426 339.8361721151953 -46.8303308719412 81980.103 79292.379 2687.7236 16.426538 0.0034970818
39 22.636238 30.11186 339.99295762880223 -46.81658368813214 89607.584 53183.084 36424.5 13.596516 0.02433862
