Tablas/Vv0009w.ecsv
# %ECSV 0.9
# ---
# datatype:
# - {name: id, datatype: int64, format: '%.8g'}
# - {name: xcenter, unit: pix, datatype: float64, format: '%.8g'}
# - {name: ycenter, unit: pix, datatype: float64, format: '%.8g'}
# - {name: sky_center.ra, unit: deg, datatype: float64}
# - {name: sky_center.dec, unit: deg, datatype: float64}
# - {name: aperture_sum, datatype: float64, format: '%.8g'}
# - {name: aper_bkg, datatype: float64, format: '%.8g'}
# - {name: aper_sum_bkgsub, datatype: float64, format: '%.8g'}
# - {name: inst_mag, datatype: float64, format: '%.8g'}
# - {name: inst_mag_err, datatype: float64, format: '%.8g'}
# meta: !!omap
# - {name: Aperture photometry results}
# - {version: 'astropy: 3.2.3, photutils: 0.7.2'}
# - {aperture_photometry_args: 'method=''exact'', subpixels=5'}
# - {filename: Vv0009w.fits}
# - {mjd: 58756.043044}
# - __serialized_columns__:
#     sky_center:
#       __class__: astropy.coordinates.sky_coordinate.SkyCoord
#       dec: !astropy.table.SerializedColumn
#         __class__: astropy.coordinates.angles.Latitude
#         unit: &id001 !astropy.units.Unit {unit: deg}
#         value: !astropy.table.SerializedColumn {name: sky_center.dec}
#       equinox: !astropy.time.Time {format: jyear, in_subfmt: '*', jd1: 2451545.0, jd2: 0.0, out_subfmt: '*', precision: 3, scale: tt}
#       frame: fk5
#       ra: !astropy.table.SerializedColumn
#         __class__: astropy.coordinates.angles.Longitude
#         unit: *id001
#         value: !astropy.table.SerializedColumn {name: sky_center.ra}
#         wrap_angle: !astropy.coordinates.Angle
#           unit: *id001
#           value: 360.0
#       representation_type: spherical
#     xcenter:
#       __class__: astropy.units.quantity.Quantity
#       __info__: {format: '%.8g'}
#       unit: &id002 !astropy.units.Unit {unit: pix}
#       value: !astropy.table.SerializedColumn {name: xcenter}
#     ycenter:
#       __class__: astropy.units.quantity.Quantity
#       __info__: {format: '%.8g'}
#       unit: *id002
#       value: !astropy.table.SerializedColumn {name: ycenter}
# schema: astropy-2.0
id xcenter ycenter sky_center.ra sky_center.dec aperture_sum aper_bkg aper_sum_bkgsub inst_mag inst_mag_err
1 290.87603 936.14502 339.9309116332052 -46.958963466049454 85573.579 80213.901 5359.6782 15.677153 0.0033203264
2 99.652241 915.14106 339.97534729282194 -46.9560703554799 83224.114 82339.238 884.87557 17.632794 0.003454887
3 831.84974 859.57669 339.8063180584164 -46.94610018595023 94105.88 78748.168 15357.711 14.534184 0.0031726289
4 971.76909 840.03626 339.7743848599585 -46.942926485111876 84397.924 79248.168 5149.7557 15.720533 0.003428109
5 318.81285 831.87777 339.9244439002668 -46.94245405519429 308536.33 80751.774 227784.56 11.606189 0.0014483236
6 380.9695 816.50558 339.91007312865753 -46.93991908672667 81344.087 80143.685 1200.4021 17.301683 0.0034095387
7 138.17831 785.83721 339.96633241871183 -46.93555272663725 83769.207 81833.5 1935.7072 16.782901 0.0033573963
8 264.94847 741.18234 339.9369420881023 -46.928255637474635 147675.15 80747.957 66927.194 12.935993 0.0022697507
9 528.06531 713.65478 339.87625020596397 -46.92350777142691 82221.423 79758.069 2463.3539 16.521183 0.0034005935
10 600.04587 695.10775 339.8597350114747 -46.920505279732915 82309.725 79810.274 2499.4515 16.505388 0.0033919823
11 873.6668 641.61085 339.79724228355155 -46.91188491038585 94354.427 79614.899 14739.528 14.578791 0.0031736848
12 202.65637 626.69461 339.95141433252803 -46.91033256266307 82257.07 81176.63 1080.4407 17.415998 0.0033986383
13 351.02309 606.51634 339.9171538445837 -46.90691105138251 95951.924 80253.239 15698.685 14.510342 0.003111369
14 304.22843 502.0929 339.92806616081225 -46.89056608723786 83180.725 81216.824 1963.9015 16.767201 0.0033504955
15 515.28938 486.0783 339.8795575105865 -46.88779094267845 82029.958 80708.017 1321.9407 17.19697 0.0035090855
16 215.599 472.80121 339.94854866215985 -46.886097219955246 103693.57 81267.554 22426.016 14.12312 0.0028834641
17 246.42306 459.75906 339.94144960001574 -46.883999886869965 89537.33 81887.243 7650.087 15.290834 0.0032649148
18 257.34874 443.93737 339.9389496824826 -46.88149798439518 84794.524 81839.523 2955.001 16.323606 0.0033069274
19 423.21991 443.19687 339.9007741119037 -46.88116535806628 114204.14 80759.241 33444.902 13.689175 0.002698849
20 481.28014 438.925 339.88745346935605 -46.880432457313745 96571.824 80729.346 15842.478 14.500442 0.0030992159
21 637.94044 410.50152 339.8516499887513 -46.875846098831545 328875.11 81373.301 247501.81 11.516054 0.0014049974
22 429.29699 370.75898 339.8995202276603 -46.86980116843778 84877.94 81102.483 3775.4569 16.057576 0.0033199901
23 515.5687 371.54677 339.8797409501453 -46.86984244260774 83449.502 81184.765 2264.7377 16.612455 0.0034372731
24 759.14236 339.23882 339.82421229624833 -46.86464007694389 85810.967 80687.538 5123.4285 15.726098 0.0034115058
25 726.73202 315.73611 339.83166735820424 -46.86098041270324 90617.217 81086.506 9530.7111 15.052187 0.0032567189
26 493.14441 243.66914 339.8851945101811 -46.84984680351322 94316.649 81098.867 13217.782 14.697104 0.0031490669
27 914.75899 237.02266 339.7892403804744 -46.848671184765365 83559.903 80186.01 3373.8929 16.179672 0.0033692634
28 793.69722 233.95298 339.8167145632464 -46.848196077746856 84476.381 80312.881 4163.5002 15.951354 0.0034220679
29 700.96872 230.73629 339.837811394823 -46.847715685697366 82533.359 80724.066 1809.2931 16.856228 0.0034790502
30 246.39327 222.00113 339.94183711492633 -46.846692686002555 85571.985 82191.47 3380.5151 16.177543 0.0034020478
31 444.75805 213.59915 339.89634604413055 -46.845180631192434 84570.188 81211.159 3359.0287 16.184466 0.0034112193
32 990.52132 205.85412 339.7722259618557 -46.843830557519006 80071.272 79828.368 242.90389 19.036414 0.0035515548
33 775.27733 165.33611 339.8211530470592 -46.83749844653641 82989.539 80251.771 2737.7678 16.406508 0.0033538189
34 792.34645 152.30356 339.8173289721664 -46.83546609775716 83346.489 80153.402 3193.0874 16.239473 0.0034363703
35 797.60482 145.64655 339.8161619852488 -46.83442859657349 83317.663 80118.871 3198.7928 16.237535 0.0034416698
36 227.36577 138.11287 339.94638567553443 -46.83357465085982 84171.062 82345.042 1826.0195 16.846236 0.0032463792
37 184.36424 121.51678 339.95630639867977 -46.83102506663694 86929.903 82690.697 4239.2062 15.931789 0.003260442
38 709.91813 119.30668 339.8361721151953 -46.8303308719412 83060.939 80388.186 2672.7535 16.432603 0.0034520115
39 25.984281 28.034789 339.99295762880223 -46.81658368813214 90852.107 55878.921 34973.186 13.640662 0.024247136
