Tablas/Vv0034w.ecsv
# %ECSV 0.9
# ---
# datatype:
# - {name: id, datatype: int64, format: '%.8g'}
# - {name: xcenter, unit: pix, datatype: float64, format: '%.8g'}
# - {name: ycenter, unit: pix, datatype: float64, format: '%.8g'}
# - {name: sky_center.ra, unit: deg, datatype: float64}
# - {name: sky_center.dec, unit: deg, datatype: float64}
# - {name: aperture_sum, datatype: float64, format: '%.8g'}
# - {name: aper_bkg, datatype: float64, format: '%.8g'}
# - {name: aper_sum_bkgsub, datatype: float64, format: '%.8g'}
# - {name: inst_mag, datatype: float64, format: '%.8g'}
# - {name: inst_mag_err, datatype: float64, format: '%.8g'}
# meta: !!omap
# - {name: Aperture photometry results}
# - {version: 'astropy: 3.2.3, photutils: 0.7.2'}
# - {aperture_photometry_args: 'method=''exact'', subpixels=5'}
# - {filename: Vv0034w.fits}
# - {mjd: 58756.071076}
# - __serialized_columns__:
#     sky_center:
#       __class__: astropy.coordinates.sky_coordinate.SkyCoord
#       dec: !astropy.table.SerializedColumn
#         __class__: astropy.coordinates.angles.Latitude
#         unit: &id001 !astropy.units.Unit {unit: deg}
#         value: !astropy.table.SerializedColumn {name: sky_center.dec}
#       equinox: !astropy.time.Time {format: jyear, in_subfmt: '*', jd1: 2451545.0, jd2: 0.0, out_subfmt: '*', precision: 3, scale: tt}
#       frame: fk5
#       ra: !astropy.table.SerializedColumn
#         __class__: astropy.coordinates.angles.Longitude
#         unit: *id001
#         value: !astropy.table.SerializedColumn {name: sky_center.ra}
#         wrap_angle: !astropy.coordinates.Angle
#           unit: *id001
#           value: 360.0
#       representation_type: spherical
#     xcenter:
#       __class__: astropy.units.quantity.Quantity
#       __info__: {format: '%.8g'}
#       unit: &id002 !astropy.units.Unit {unit: pix}
#       value: !astropy.table.SerializedColumn {name: xcenter}
#     ycenter:
#       __class__: astropy.units.quantity.Quantity
#       __info__: {format: '%.8g'}
#       unit: *id002
#       value: !astropy.table.SerializedColumn {name: ycenter}
# schema: astropy-2.0
id xcenter ycenter sky_center.ra sky_center.dec aperture_sum aper_bkg aper_sum_bkgsub inst_mag inst_mag_err
1 293.39828 934.89677 339.9309116332052 -46.958963466049454 85358.364 79615.547 5742.8172 15.602188 0.0033020889
2 100.26569 914.55515 339.97534729282194 -46.9560703554799 82926.484 81689.907 1236.5768 17.269447 0.0034634321
3 835.61837 857.8226 339.8063180584164 -46.94610018595023 93610.932 78120.571 15490.361 14.524846 0.0031052768
4 974.61065 838.61312 339.7743848599585 -46.942926485111876 83382.226 78710.386 4671.8405 15.82628 0.0033672292
5 322.06699 830.26876 339.9244439002668 -46.94245405519429 310482.12 80176.657 230305.47 11.594239 0.0014609894
6 384.6597 814.72636 339.91007312865753 -46.93991908672667 80583.146 79366.72 1216.4265 17.287285 0.0034527609
7 140.09203 784.68059 339.96633241871183 -46.93555272663725 83079.192 81514.623 1564.5697 17.014013 0.0034698437
8 268.19757 739.51257 339.9369420881023 -46.928255637474635 148433.16 79809.035 68624.124 12.908808 0.00226746
9 532.42166 711.56134 339.87625020596397 -46.92350777142691 81068.194 79170.048 1898.1459 16.804176 0.0034360286
10 604.39863 693.00412 339.8597350114747 -46.920505279732915 82325.561 79277.354 3048.2069 16.289889 0.003390485
11 876.68755 639.96863 339.79724228355155 -46.91188491038585 94653.836 78875.176 15778.659 14.504825 0.0031609363
12 205.87519 624.9879 339.95141433252803 -46.91033256266307 82052.743 80708.926 1343.8174 17.179149 0.0033901609
13 355.11508 604.47775 339.9171538445837 -46.90691105138251 95610.282 79761.3 15848.982 14.499997 0.0030585256
14 308.28998 500.05132 339.92806616081225 -46.89056608723786 82353.138 80652.089 1701.0496 16.923208 0.0034630496
15 519.59703 483.92945 339.8795575105865 -46.88779094267845 81477.911 80210.47 1267.441 17.242681 0.0035150557
16 219.29787 470.90022 339.94854866215985 -46.886097219955246 103432.15 80686.029 22746.125 14.107731 0.0028861975
17 250.29567 457.79256 339.94144960001574 -46.883999886869965 85593.461 81211.602 4381.8595 15.895854 0.0033935523
18 261.28702 441.9473 339.9389496824826 -46.88149798439518 83376.526 81092.369 2284.1576 16.603185 0.0034424126
19 427.52975 441.05492 339.9007741119037 -46.88116535806628 112288.66 80114.557 32174.107 13.731234 0.0027350142
20 485.56389 436.78774 339.88745346935605 -46.880432457313745 94812.303 80133.793 14678.51 14.583295 0.0030625465
21 641.68312 408.55274 339.8516499887513 -46.875846098831545 311110.19 80741.954 230368.23 11.593944 0.0014358072
22 433.5212 368.65882 339.8995202276603 -46.86980116843778 84137.631 80359.374 3778.2563 16.056771 0.0034289657
23 519.6585 369.48685 339.8797409501453 -46.86984244260774 82997.864 80646.505 2351.3585 16.571703 0.0034602648
24 761.7541 337.71023 339.82421229624833 -46.86464007694389 84511.399 80103.959 4407.4409 15.889534 0.0034144489
25 729.48637 314.16355 339.83166735820424 -46.86098041270324 88887.669 80101.782 8785.8867 15.140536 0.0032911607
26 496.91635 241.77562 339.8851945101811 -46.84984680351322 94279.746 80604.765 13674.981 14.660183 0.0031641187
27 914.99103 236.40084 339.7892403804744 -46.848671184765365 82474.061 79693.952 2780.109 16.389845 0.0034835097
28 795.33731 232.81904 339.8167145632464 -46.848196077746856 83637.786 79676.206 3961.5798 16.005329 0.0034403939
29 703.45904 229.29794 339.837811394823 -46.847715685697366 81751.659 79877.969 1873.6908 16.818255 0.0035049328
30 250.2822 220.11312 339.94183711492633 -46.846692686002555 88449.431 81517.963 6931.4681 15.397937 0.0033305822
31 448.57239 211.71356 339.89634604413055 -46.845180631192434 83413.206 80685.257 2727.9493 16.410409 0.0033669286
32 989.40493 205.7447 339.7722259618557 -46.843830557519006 79401.854 79370.838 31.015511 21.271053 0.0035891064
33 776.62634 164.35057 339.8211530470592 -46.83749844653641 82321.313 79600.564 2720.7491 16.413279 0.0033971555
34 793.40981 151.43087 339.8173289721664 -46.83546609775716 82805.837 79635.554 3170.2828 16.247255 0.0034543635
35 798.55702 144.81913 339.8161619852488 -46.83442859657349 82803.922 79682.73 3121.1926 16.264199 0.0034496245
36 231.09737 136.34741 339.94638567553443 -46.83357465085982 83764.024 81791.311 1972.7125 16.762341 0.0033501044
37 187.98234 119.8152 339.95630639867977 -46.83102506663694 85965.178 82226.582 3738.5959 16.068229 0.0033565086
38 711.60383 118.2364 339.8361721151953 -46.8303308719412 82936.19 79642.02 3294.1696 16.205635 0.0034724371
39 28.903697 26.716655 339.99295762880223 -46.81658368813214 89727.483 57669.503 32057.98 13.73516 0.023972899
