Tablas/Vv0016w.ecsv
# %ECSV 0.9
# ---
# datatype:
# - {name: id, datatype: int64, format: '%.8g'}
# - {name: xcenter, unit: pix, datatype: float64, format: '%.8g'}
# - {name: ycenter, unit: pix, datatype: float64, format: '%.8g'}
# - {name: sky_center.ra, unit: deg, datatype: float64}
# - {name: sky_center.dec, unit: deg, datatype: float64}
# - {name: aperture_sum, datatype: float64, format: '%.8g'}
# - {name: aper_bkg, datatype: float64, format: '%.8g'}
# - {name: aper_sum_bkgsub, datatype: float64, format: '%.8g'}
# - {name: inst_mag, datatype: float64, format: '%.8g'}
# - {name: inst_mag_err, datatype: float64, format: '%.8g'}
# meta: !!omap
# - {name: Aperture photometry results}
# - {version: 'astropy: 3.2.3, photutils: 0.7.2'}
# - {aperture_photometry_args: 'method=''exact'', subpixels=5'}
# - {filename: Vv0016w.fits}
# - {mjd: 58756.050891}
# - __serialized_columns__:
#     sky_center:
#       __class__: astropy.coordinates.sky_coordinate.SkyCoord
#       dec: !astropy.table.SerializedColumn
#         __class__: astropy.coordinates.angles.Latitude
#         unit: &id001 !astropy.units.Unit {unit: deg}
#         value: !astropy.table.SerializedColumn {name: sky_center.dec}
#       equinox: !astropy.time.Time {format: jyear, in_subfmt: '*', jd1: 2451545.0, jd2: 0.0, out_subfmt: '*', precision: 3, scale: tt}
#       frame: fk5
#       ra: !astropy.table.SerializedColumn
#         __class__: astropy.coordinates.angles.Longitude
#         unit: *id001
#         value: !astropy.table.SerializedColumn {name: sky_center.ra}
#         wrap_angle: !astropy.coordinates.Angle
#           unit: *id001
#           value: 360.0
#       representation_type: spherical
#     xcenter:
#       __class__: astropy.units.quantity.Quantity
#       __info__: {format: '%.8g'}
#       unit: &id002 !astropy.units.Unit {unit: pix}
#       value: !astropy.table.SerializedColumn {name: xcenter}
#     ycenter:
#       __class__: astropy.units.quantity.Quantity
#       __info__: {format: '%.8g'}
#       unit: *id002
#       value: !astropy.table.SerializedColumn {name: ycenter}
# schema: astropy-2.0
id xcenter ycenter sky_center.ra sky_center.dec aperture_sum aper_bkg aper_sum_bkgsub inst_mag inst_mag_err
1 290.67785 935.67589 339.9309116332052 -46.958963466049454 85175.258 79779.273 5395.9852 15.669823 0.0033237238
2 97.976215 915.84705 339.97534729282194 -46.9560703554799 83131.045 81819.299 1311.746 17.205376 0.0033589407
3 831.62872 859.01424 339.8063180584164 -46.94610018595023 94327.995 78123.967 16204.028 14.475943 0.0031637175
4 970.46461 840.26585 339.7743848599585 -46.942926485111876 83712.408 78677.881 5034.5268 15.745103 0.0034382637
5 318.80707 831.28238 339.9244439002668 -46.94245405519429 308257.85 80292.761 227965.09 11.605329 0.0014478763
6 381.21336 815.70977 339.91007312865753 -46.93991908672667 80974.717 79652.311 1322.4061 17.196588 0.0034383158
7 137.0452 786.13274 339.96633241871183 -46.93555272663725 83101.127 81614.958 1486.1689 17.06983 0.003462293
8 264.69826 740.78187 339.9369420881023 -46.928255637474635 147801.81 80335.991 67465.82 12.92729 0.0023139632
9 528.43811 712.73616 339.87625020596397 -46.92350777142691 81966.252 79266.29 2699.9618 16.421606 0.0034913172
10 600.30081 694.26528 339.8597350114747 -46.920505279732915 81905.44 79298.93 2606.5101 16.459851 0.0033844071
11 872.38904 641.88178 339.79724228355155 -46.91188491038585 94797.264 79049.438 15747.827 14.506948 0.0031449114
12 202.1072 626.49493 339.95141433252803 -46.91033256266307 82281.77 80820.244 1461.5267 17.087983 0.0034815449
13 351.09274 605.82358 339.9171538445837 -46.90691105138251 96085.931 79789.205 16296.726 14.469749 0.0030415504
14 304.11383 501.48227 339.92806616081225 -46.89056608723786 83101.921 80781.49 2320.4308 16.586078 0.0033572564
15 515.28628 485.36263 339.8795575105865 -46.88779094267845 81425.435 80158.846 1266.5893 17.24341 0.0035242275
16 215.14985 472.42404 339.94854866215985 -46.886097219955246 103460.34 80699.668 22760.668 14.107038 0.0029464362
17 246.10006 459.2744 339.94144960001574 -46.883999886869965 86184.944 81177.069 5007.8744 15.750866 0.0033543012
18 257.06052 443.41218 339.9389496824826 -46.88149798439518 83148.705 81254.635 1894.0704 16.80651 0.0034504739
19 423.21832 442.45134 339.9007741119037 -46.88116535806628 112951.98 80285.706 32666.277 13.714751 0.0027748491
20 481.2361 438.20707 339.88745346935605 -46.880432457313745 95461.865 80109.417 15352.448 14.534556 0.0031211261
21 637.36558 410.16049 339.8516499887513 -46.875846098831545 299097.15 80716.59 218380.56 11.651965 0.0014913902
22 429.18073 370.03446 339.8995202276603 -46.86980116843778 84315.302 80609.232 3706.0704 16.077716 0.0034155265
23 515.32519 370.92085 339.8797409501453 -46.86984244260774 83542.099 80685.974 2856.1246 16.360557 0.0034373402
24 757.57202 339.59136 339.82421229624833 -46.86464007694389 84786.583 80211.692 4574.8911 15.849048 0.0033831016
25 725.31154 315.95223 339.83166735820424 -46.86098041270324 89030.164 80164.293 8865.8705 15.130697 0.0032822292
26 492.66165 243.0798 339.8851945101811 -46.84984680351322 93873.203 80778.458 13094.745 14.707257 0.0031712387
27 911.21391 238.77436 339.7892403804744 -46.848671184765365 82552.956 79677.802 2875.1539 16.353347 0.0034992657
28 791.39427 234.75318 339.8167145632464 -46.848196077746856 83696.368 80113.522 3582.8459 16.11443 0.00342298
29 699.4094 230.96279 339.837811394823 -46.847715685697366 81794.168 80167.19 1626.9779 16.971546 0.0034782592
30 245.94246 221.33449 339.94183711492633 -46.846692686002555 84975.073 81757.996 3217.0766 16.231346 0.0033225861
31 444.3211 212.93025 339.89634604413055 -46.845180631192434 84133.056 80833.111 3299.9451 16.203733 0.0033497126
32 985.85239 208.42699 339.7722259618557 -46.843830557519006 83494.297 79342.279 4152.0178 15.954352 0.0034645566
33 772.83607 166.15376 339.8211530470592 -46.83749844653641 82934.099 79794.825 3139.2743 16.257927 0.0034650578
34 789.68468 153.27241 339.8173289721664 -46.83546609775716 82754.341 79749.936 3004.4055 16.305604 0.0034581075
35 794.86078 146.66917 339.8161619852488 -46.83442859657349 82690.102 79773.04 2917.0621 16.337636 0.003463382
36 226.80122 137.39654 339.94638567553443 -46.83357465085982 83374.138 81830.928 1543.2099 17.028937 0.0033714025
37 183.68073 120.85521 339.95630639867977 -46.83102506663694 86266.1 82632.801 3633.2994 16.099247 0.0033448893
38 707.84398 119.77312 339.8361721151953 -46.8303308719412 82354.58 79827.242 2527.3384 16.493341 0.0034867351
39 24.611823 27.685865 339.99295762880223 -46.81658368813214 90334.13 53060.501 37273.629 13.571496 0.02463249
