Tablas/Vv0047w.ecsv
# %ECSV 0.9
# ---
# datatype:
# - {name: id, datatype: int64, format: '%.8g'}
# - {name: xcenter, unit: pix, datatype: float64, format: '%.8g'}
# - {name: ycenter, unit: pix, datatype: float64, format: '%.8g'}
# - {name: celestial_center.ra, unit: deg, datatype: float64}
# - {name: celestial_center.dec, unit: deg, datatype: float64}
# - {name: aperture_sum, datatype: float64, format: '%.8g'}
# - {name: aper_bkg, datatype: float64, format: '%.8g'}
# - {name: aper_sum_bkgsub, datatype: float64, format: '%.8g'}
# - {name: inst_mag, datatype: float64, format: '%.8g'}
# - {name: inst_mag_err, datatype: float64, format: '%.8g'}
# meta: !!omap
# - {name: Aperture photometry results}
# - {version: 'astropy: 3.2.3, photutils: 0.6'}
# - {aperture_photometry_args: 'method=''exact'', subpixels=5'}
# - {filename: Vv0047w.fits}
# - {mjd: 58756.085648}
# - __serialized_columns__:
#     celestial_center:
#       __class__: astropy.coordinates.sky_coordinate.SkyCoord
#       dec: !astropy.table.SerializedColumn
#         __class__: astropy.coordinates.angles.Latitude
#         unit: &id001 !astropy.units.Unit {unit: deg}
#         value: !astropy.table.SerializedColumn {name: celestial_center.dec}
#       equinox: !astropy.time.Time {format: jyear, in_subfmt: '*', jd1: 2451545.0, jd2: 0.0, out_subfmt: '*', precision: 3, scale: tt}
#       frame: fk5
#       ra: !astropy.table.SerializedColumn
#         __class__: astropy.coordinates.angles.Longitude
#         unit: *id001
#         value: !astropy.table.SerializedColumn {name: celestial_center.ra}
#         wrap_angle: !astropy.coordinates.Angle
#           unit: *id001
#           value: 360.0
#       representation_type: spherical
#     xcenter:
#       __class__: astropy.units.quantity.Quantity
#       __info__: {format: '%.8g'}
#       unit: &id002 !astropy.units.Unit {unit: pix}
#       value: !astropy.table.SerializedColumn {name: xcenter}
#     ycenter:
#       __class__: astropy.units.quantity.Quantity
#       __info__: {format: '%.8g'}
#       unit: *id002
#       value: !astropy.table.SerializedColumn {name: ycenter}
# schema: astropy-2.0
id xcenter ycenter celestial_center.ra celestial_center.dec aperture_sum aper_bkg aper_sum_bkgsub inst_mag inst_mag_err
1 289.07101 939.41104 339.9309116332097 -46.95896346604986 84740.615 79274.182 5466.4335 15.65574 0.003412796
2 95.557756 919.32576 339.9753472928264 -46.95607035548032 82348.394 81294.044 1054.3499 17.442538 0.0033938379
3 831.54603 862.01462 339.8063180584209 -46.946100185950634 94639.179 77310.257 17328.922 14.403071 0.0030813002
4 970.29285 842.88084 339.774384859963 -46.94292648511229 82618.697 78302.158 4316.5387 15.912161 0.0034762867
5 318.07858 834.60114 339.9244439002713 -46.9424540551947 311617.94 79640.507 231977.44 11.586386 0.0014379063
6 380.77884 818.98384 339.910073128662 -46.93991908672707 80549.58 78767.083 1782.4972 16.872428 0.0034322718
7 135.89327 789.17592 339.9663324187163 -46.93555272663767 82347.285 81066.47 1280.8158 17.231283 0.0034837972
8 264.33855 743.79701 339.9369420881068 -46.92825563747505 147336.56 79682.912 67653.651 12.924272 0.0022846902
9 528.76645 715.66144 339.87625020596846 -46.92350777142732 80954.357 78753.875 2200.4819 16.643705 0.0034308158
10 600.73158 697.0889 339.8597350114792 -46.92050527973333 82082.603 78758.604 3323.9988 16.195848 0.0034065409
11 872.63109 644.172 339.79724228355605 -46.911884910386256 94064.263 78536.328 15527.935 14.522216 0.0031695385
12 202.13114 629.23312 339.9514143325325 -46.91033256266348 81453.417 80270.312 1183.1051 17.317442 0.0034093183
13 351.5408 608.59669 339.9171538445882 -46.90691105138291 95135.791 79275.251 15860.541 14.499205 0.0030728576
14 304.76518 504.16342 339.92806616081674 -46.89056608723827 82339.148 80120.042 2219.1064 16.634555 0.0033910947
15 516.04572 488.00263 339.879557510591 -46.887790942678855 81261.325 79673.135 1588.1899 16.997744 0.0035239671
16 215.72502 475.05969 339.94854866216434 -46.88609721995566 103402.89 80309.261 23093.63 14.091269 0.0029579189
17 246.75332 461.92997 339.94144960002023 -46.88399988687038 85318.548 80931.172 4387.3751 15.894488 0.0033800833
18 257.75619 446.07722 339.9389496824871 -46.881497984395594 82823.888 80743.734 2080.1534 16.704762 0.003387371
19 424.01838 445.13569 339.90077411190816 -46.881165358066696 111756.02 79807.88 31948.138 13.738886 0.0028045083
20 482.0207 440.87098 339.88745346936054 -46.88043245731415 93440.714 79705.906 13734.808 14.655444 0.0031877225
21 637.936 412.70535 339.8516499887558 -46.87584609883195 373616.94 80200.701 293416.24 11.33129 0.0013082003
22 429.97174 372.76555 339.89952022766477 -46.8698011684382 83532.446 80222.464 3309.9819 16.200436 0.0033637613
23 516.0381 373.61002 339.87974095014977 -46.86984244260815 82764.363 80165.884 2598.4793 16.463202 0.0034713478
24 757.65472 342.02723 339.8242122962528 -46.8646400769443 83685.799 79752.748 3933.0502 16.013176 0.0034453803
25 725.42275 318.47468 339.83166735820873 -46.860980412703654 88196.863 79737.83 8459.0323 15.181698 0.003286509
26 493.1551 245.99474 339.8851945101856 -46.849846803513636 93283.742 79762.604 13521.139 14.672467 0.0031042583
27 910.18079 241.07276 339.7892403804789 -46.84867118476578 81803.167 79278.603 2524.5642 16.494534 0.0034944643
28 790.91525 237.31788 339.81671456325086 -46.84819607774725 83222.463 79400.719 3821.7437 16.044346 0.0034448155
29 699.28065 233.6916 339.8378113948275 -46.84771568569777 81339.329 79704.392 1634.9365 16.966248 0.0034281497
30 246.64843 224.31539 339.9418371149308 -46.84669268600296 84024.7 81185.942 2838.7583 16.367179 0.0033432035
31 444.81852 215.9428 339.89634604413504 -46.84518063119284 83198.957 80268.147 2930.8102 16.332531 0.0034396528
32 984.21025 210.60753 339.77222596186016 -46.84383055751941 83189.384 79339.716 3849.6673 16.036442 0.0034632345
33 772.07332 168.93734 339.8211530470637 -46.83749844653682 82036.139 79265.39 2770.7487 16.393507 0.0034144868
34 788.76534 156.06476 339.8173289721709 -46.83546609775758 81930.143 79298.091 2632.0521 16.449264 0.0035034303
35 793.87554 149.47282 339.81616198525325 -46.83442859657389 82411.126 79247.35 3163.7762 16.249486 0.0034893293
36 227.35163 140.61867 339.9463856755389 -46.833574650860236 83472.458 81653.057 1819.4007 16.850179 0.0033548936
37 184.21087 124.10757 339.95630639868426 -46.83102506663734 86309.043 81769.979 4539.0639 15.857584 0.0033651043
38 707.10635 122.81789 339.8361721151998 -46.83033087194162 82261.162 79338.649 2922.5132 16.335609 0.0034865346
39 24.915813 31.147145 339.9929576288067 -46.816583688132546 89910.778 85450.241 4460.537 15.876532 0.0033906113
