Tablas/Vv0045w.ecsv
# %ECSV 0.9
# ---
# datatype:
# - {name: id, datatype: int64, format: '%.8g'}
# - {name: xcenter, unit: pix, datatype: float64, format: '%.8g'}
# - {name: ycenter, unit: pix, datatype: float64, format: '%.8g'}
# - {name: celestial_center.ra, unit: deg, datatype: float64}
# - {name: celestial_center.dec, unit: deg, datatype: float64}
# - {name: aperture_sum, datatype: float64, format: '%.8g'}
# - {name: aper_bkg, datatype: float64, format: '%.8g'}
# - {name: aper_sum_bkgsub, datatype: float64, format: '%.8g'}
# - {name: inst_mag, datatype: float64, format: '%.8g'}
# - {name: inst_mag_err, datatype: float64, format: '%.8g'}
# meta: !!omap
# - {name: Aperture photometry results}
# - {version: 'astropy: 3.2.3, photutils: 0.6'}
# - {aperture_photometry_args: 'method=''exact'', subpixels=5'}
# - {filename: Vv0045w.fits}
# - {mjd: 58756.083403}
# - __serialized_columns__:
#     celestial_center:
#       __class__: astropy.coordinates.sky_coordinate.SkyCoord
#       dec: !astropy.table.SerializedColumn
#         __class__: astropy.coordinates.angles.Latitude
#         unit: &id001 !astropy.units.Unit {unit: deg}
#         value: !astropy.table.SerializedColumn {name: celestial_center.dec}
#       equinox: !astropy.time.Time {format: jyear, in_subfmt: '*', jd1: 2451545.0, jd2: 0.0, out_subfmt: '*', precision: 3, scale: tt}
#       frame: fk5
#       ra: !astropy.table.SerializedColumn
#         __class__: astropy.coordinates.angles.Longitude
#         unit: *id001
#         value: !astropy.table.SerializedColumn {name: celestial_center.ra}
#         wrap_angle: !astropy.coordinates.Angle
#           unit: *id001
#           value: 360.0
#       representation_type: spherical
#     xcenter:
#       __class__: astropy.units.quantity.Quantity
#       __info__: {format: '%.8g'}
#       unit: &id002 !astropy.units.Unit {unit: pix}
#       value: !astropy.table.SerializedColumn {name: xcenter}
#     ycenter:
#       __class__: astropy.units.quantity.Quantity
#       __info__: {format: '%.8g'}
#       unit: *id002
#       value: !astropy.table.SerializedColumn {name: ycenter}
# schema: astropy-2.0
id xcenter ycenter celestial_center.ra celestial_center.dec aperture_sum aper_bkg aper_sum_bkgsub inst_mag inst_mag_err
1 290.28201 937.95391 339.9309116332097 -46.95896346604986 84765.823 79766.53 4999.2934 15.752728 0.003409339
2 98.622697 917.51221 339.9753472928264 -46.95607035548032 83039.274 81689.37 1349.9041 17.174243 0.0033694907
3 831.02875 862.24864 339.8063180584209 -46.946100185950634 95047.959 78070.988 16976.97 14.42535 0.0031286534
4 970.40018 843.39882 339.774384859963 -46.94292648511229 83467.354 78674.453 4792.901 15.798504 0.0034550332
5 318.53355 834.05149 339.9244439002713 -46.9424540551947 310264.91 80145.48 230119.43 11.595117 0.0014399067
6 380.77497 818.67832 339.910073128662 -46.93991908672707 80691.714 79273.175 1418.5387 17.120397 0.003533059
7 137.65704 788.52324 339.9663324187163 -46.93555272663767 82858.913 81579.992 1278.9203 17.232891 0.0033821626
8 264.75809 743.72171 339.9369420881068 -46.92825563747505 147851.22 80102.9 67748.318 12.922754 0.0023155291
9 527.9221 716.19911 339.87625020596846 -46.92350777142732 81342.657 79174.503 2168.1541 16.659775 0.0034162029
10 599.79369 697.80566 339.8597350114792 -46.92050527973333 81833.045 79142.613 2690.4317 16.425445 0.0034937951
11 872.4827 645.31056 339.79724228355605 -46.911884910386256 94780.403 78818.094 15962.31 14.492261 0.0030710655
12 202.49456 629.62239 339.9514143325325 -46.91033256266348 82131.207 80638.875 1492.3324 17.065336 0.00339693
13 350.96853 609.30233 339.9171538445882 -46.90691105138291 95178.91 79344.933 15833.977 14.501025 0.0030669827
14 304.10724 505.09069 339.92806616081674 -46.89056608723827 82331.918 80308.378 2023.5401 16.73472 0.0033974034
15 514.93849 489.14765 339.879557510591 -46.887790942678855 81091.854 80094.511 997.3424 17.502889 0.0035166681
16 215.41993 475.93812 339.94854866216434 -46.88609721995566 103664 80627.011 23036.992 14.093936 0.0029423246
17 246.24492 462.86513 339.94144960002023 -46.88399988687038 85292.867 81065.527 4227.3397 15.934832 0.0034718642
18 257.15259 447.04503 339.9389496824871 -46.881497984395594 82937.32 80800.478 2136.8426 16.675569 0.0034559157
19 422.92883 446.24792 339.90077411190816 -46.881165358066696 111916.01 80149.688 31766.321 13.745083 0.0027936627
20 480.88865 442.02308 339.88745346936054 -46.88043245731415 94194.259 79873.692 14320.567 14.610099 0.0030934736
21 637.06248 413.91399 339.8516499887558 -46.87584609883195 362862.5 80757.547 282104.95 11.373973 0.0013304323
22 428.81904 373.88026 339.89952022766477 -46.8698011684382 83552.78 80164.813 3387.9669 16.175152 0.0033485794
23 514.9176 374.75686 339.87974095014977 -46.86984244260815 82909.857 80323.08 2586.7773 16.468102 0.0033728401
24 757.49584 343.12406 339.8242122962528 -46.8646400769443 84257.569 80170.186 4087.3826 15.971387 0.0034105395
25 725.12931 319.52369 339.83166735820873 -46.860980412703654 88480.059 80155.676 8324.3825 15.19912 0.0032282594
26 492.07349 246.89781 339.8851945101856 -46.849846803513636 93532.921 80658.432 12874.489 14.725675 0.0031117388
27 911.68547 241.72828 339.7892403804789 -46.84867118476578 82679.383 79775.473 2903.9099 16.342542 0.0034867465
28 791.3384 238.05968 339.81671456325086 -46.84819607774725 83366.905 79793.659 3573.246 16.117343 0.0033506448
29 699.06436 234.47965 339.8378113948275 -46.84771568569777 81748.417 80200.46 1547.9575 17.025602 0.0034302361
30 245.65658 225.14905 339.9418371149308 -46.84669268600296 84554.321 81296.219 3258.1022 16.217588 0.0033284898
31 443.682 216.76146 339.89634604413504 -46.84518063119284 83369.651 80350.578 3019.0736 16.300316 0.0033565318
32 986.71459 211.03073 339.77222596186016 -46.84383055751941 83821.249 79699.549 4121.7 15.962309 0.0034395355
33 772.6122 169.37586 339.8211530470637 -46.83749844653682 83274.487 79605.292 3669.1945 16.088573 0.0033565101
34 789.50063 156.41773 339.8173289721709 -46.83546609775758 82691.951 79722.133 2969.8177 16.318176 0.003451267
35 794.68485 149.78381 339.81616198525325 -46.83442859657389 82494.564 79797.382 2697.182 16.422724 0.003466549
36 226.31994 141.20055 339.9463856755389 -46.833574650860236 83640.376 82115.606 1524.7706 17.041989 0.0034481506
37 183.27748 124.6296 339.95630639868426 -46.83102506663734 86630.464 82639.857 3990.6072 15.997403 0.00336135
38 707.3163 123.06934 339.8361721151998 -46.83033087194162 82278.043 79774.224 2503.819 16.503493 0.0034997094
39 24.495766 31.284394 339.9929576288067 -46.816583688132546 90084.193 57382.445 32701.748 13.713573 0.023827471
