Tablas/Vv0001w.ecsv
# %ECSV 0.9
# ---
# datatype:
# - {name: id, datatype: int64, format: '%.8g'}
# - {name: xcenter, unit: pix, datatype: float64, format: '%.8g'}
# - {name: ycenter, unit: pix, datatype: float64, format: '%.8g'}
# - {name: sky_center.ra, unit: deg, datatype: float64}
# - {name: sky_center.dec, unit: deg, datatype: float64}
# - {name: aperture_sum, datatype: float64, format: '%.8g'}
# - {name: aper_bkg, datatype: float64, format: '%.8g'}
# - {name: aper_sum_bkgsub, datatype: float64, format: '%.8g'}
# - {name: inst_mag, datatype: float64, format: '%.8g'}
# - {name: inst_mag_err, datatype: float64, format: '%.8g'}
# meta: !!omap
# - {name: Aperture photometry results}
# - {version: 'astropy: 3.2.3, photutils: 0.7.2'}
# - {aperture_photometry_args: 'method=''exact'', subpixels=5'}
# - {filename: Vv0001w.fits}
# - {mjd: 58756.030185}
# - __serialized_columns__:
#     sky_center:
#       __class__: astropy.coordinates.sky_coordinate.SkyCoord
#       dec: !astropy.table.SerializedColumn
#         __class__: astropy.coordinates.angles.Latitude
#         unit: &id001 !astropy.units.Unit {unit: deg}
#         value: !astropy.table.SerializedColumn {name: sky_center.dec}
#       equinox: !astropy.time.Time {format: jyear, in_subfmt: '*', jd1: 2451545.0, jd2: 0.0, out_subfmt: '*', precision: 3, scale: tt}
#       frame: fk5
#       ra: !astropy.table.SerializedColumn
#         __class__: astropy.coordinates.angles.Longitude
#         unit: *id001
#         value: !astropy.table.SerializedColumn {name: sky_center.ra}
#         wrap_angle: !astropy.coordinates.Angle
#           unit: *id001
#           value: 360.0
#       representation_type: spherical
#     xcenter:
#       __class__: astropy.units.quantity.Quantity
#       __info__: {format: '%.8g'}
#       unit: &id002 !astropy.units.Unit {unit: pix}
#       value: !astropy.table.SerializedColumn {name: xcenter}
#     ycenter:
#       __class__: astropy.units.quantity.Quantity
#       __info__: {format: '%.8g'}
#       unit: *id002
#       value: !astropy.table.SerializedColumn {name: ycenter}
# schema: astropy-2.0
id xcenter ycenter sky_center.ra sky_center.dec aperture_sum aper_bkg aper_sum_bkgsub inst_mag inst_mag_err
1 284.05536 938.37246 339.9309116332052 -46.958963466049454 78053.26 74162.701 3890.5589 16.02497 0.003434865
2 90.94248 918.67666 339.97534729282194 -46.9560703554799 77390.367 76351.242 1039.1243 17.458331 0.0035471183
3 826.00449 860.62109 339.8063180584164 -46.94610018595023 85007.224 72403.481 12603.743 14.748751 0.0034133487
4 964.78356 841.64807 339.7743848599585 -46.942926485111876 76650.41 72847.108 3803.3018 16.049598 0.0035342325
5 312.98377 833.36804 339.9244439002668 -46.94245405519429 245189.57 74371.055 170818.52 11.918663 0.0016554746
6 375.59338 817.66259 339.91007312865753 -46.93991908672667 74863.689 73683.667 1180.0213 17.320275 0.003621862
7 131.08099 788.16469 339.96633241871183 -46.93555272663725 77438.967 75834.039 1604.9282 16.986361 0.0035435259
8 259.2864 742.52628 339.9369420881023 -46.928255637474635 124066.99 74339.114 49727.871 13.2585 0.0025602539
9 523.45054 714.23056 339.87625020596397 -46.92350777142691 74920.396 73660.043 1260.3535 17.248769 0.003532581
10 595.3895 695.67989 339.8597350114747 -46.920505279732915 75657.653 73668.956 1988.6964 16.753579 0.0035826029
11 867.36547 643.11663 339.79724228355155 -46.91188491038585 84602.932 73223.034 11379.898 14.859654 0.0034121774
12 197.08854 627.9072 339.95141433252803 -46.91033256266307 76356.522 74876.138 1480.3836 17.074064 0.0035669069
13 346.33936 607.1714 339.9171538445837 -46.90691105138251 86300.697 73860.232 12440.465 14.762908 0.0032815398
14 299.54945 502.72045 339.92806616081225 -46.89056608723786 76450.21 74724.492 1725.7183 16.907575 0.0035753181
15 510.7709 486.66692 339.8795575105865 -46.88779094267845 75544.918 74360.529 1184.389 17.316264 0.0037068679
16 210.5478 473.61777 339.94854866215985 -46.886097219955246 91823.684 75102.976 16720.708 14.441863 0.0031423233
17 241.54506 460.47957 339.94144960001574 -46.883999886869965 78858.379 75259.126 3599.2529 16.109469 0.003578783
18 252.53015 444.62387 339.9389496824826 -46.88149798439518 77298.528 75211.997 2086.5302 16.701438 0.0035376625
19 418.74136 443.75071 339.9007741119037 -46.88116535806628 100068.55 74256.811 25811.737 13.970457 0.0029516441
20 476.74369 439.53988 339.88745346935605 -46.880432457313745 86951.635 74098.664 12852.972 14.727491 0.0032555742
21 632.71817 411.62316 339.8516499887513 -46.875846098831545 301005.8 74732.261 226273.54 11.613416 0.0014695609
22 424.67748 371.43562 339.8995202276603 -46.86980116843778 77578.932 74425.2 3153.7314 16.252938 0.0035187693
23 510.76722 372.38703 339.8797409501453 -46.86984244260774 76558.282 74414.239 2144.043 16.671916 0.0035505255
24 752.57894 341.33851 339.82421229624833 -46.86464007694389 77976.055 74115.786 3860.2686 16.033456 0.0035306947
25 720.32544 317.75777 339.83166735820424 -46.86098041270324 81166.092 73900.062 7266.03 15.346757 0.0035373539
26 487.8618 244.90481 339.8851945101811 -46.84984680351322 85066.091 74616.224 10449.867 14.952223 0.003293491
27 905.4216 241.13172 339.7892403804744 -46.848671184765365 76135.745 73756.912 2378.833 16.55909 0.0035840383
28 785.9574 236.98842 339.8167145632464 -46.848196077746856 77051.359 74114.721 2936.6377 16.330374 0.0035576362
29 694.19501 233.10236 339.837811394823 -46.847715685697366 75423.958 74112.516 1311.4415 17.205628 0.0036196254
30 241.24663 222.90027 339.94183711492633 -46.846692686002555 77965.676 75683.033 2282.6436 16.603905 0.0035194764
31 439.48543 214.80795 339.89634604413055 -46.845180631192434 76994.632 74666.175 2328.4571 16.582329 0.003538513
32 979.63441 211.05348 339.7722259618557 -46.843830557519006 76930.386 73774.611 3155.775 16.252235 0.0035705348
33 767.13069 168.74195 339.8211530470592 -46.83749844653641 75835.84 73651.736 2184.1041 16.651817 0.0036115524
34 783.85977 155.96424 339.8173289721664 -46.83546609775716 76945.96 73738.218 3207.7421 16.234501 0.0035450788
35 788.98347 149.41018 339.8161619852488 -46.83442859657349 76023.815 73670.972 2352.8433 16.571017 0.0035939713
36 221.86681 139.23612 339.94638567553443 -46.83357465085982 76703.218 75756.997 946.22081 17.560019 0.0035558533
37 178.69764 122.68571 339.95630639867977 -46.83102506663694 79183.707 76292.308 2891.3997 16.34723 0.0035814678
38 702.07885 122.54079 339.8361721151953 -46.8303308719412 76445.476 73711.197 2734.2787 16.407893 0.0035702849
39 19.250719 29.608513 339.99295762880223 -46.81658368813214 83358.784 46127.862 37230.922 13.572741 0.024889477
