Tablas/Vv0018w.ecsv
# %ECSV 0.9
# ---
# datatype:
# - {name: id, datatype: int64, format: '%.8g'}
# - {name: xcenter, unit: pix, datatype: float64, format: '%.8g'}
# - {name: ycenter, unit: pix, datatype: float64, format: '%.8g'}
# - {name: sky_center.ra, unit: deg, datatype: float64}
# - {name: sky_center.dec, unit: deg, datatype: float64}
# - {name: aperture_sum, datatype: float64, format: '%.8g'}
# - {name: aper_bkg, datatype: float64, format: '%.8g'}
# - {name: aper_sum_bkgsub, datatype: float64, format: '%.8g'}
# - {name: inst_mag, datatype: float64, format: '%.8g'}
# - {name: inst_mag_err, datatype: float64, format: '%.8g'}
# meta: !!omap
# - {name: Aperture photometry results}
# - {version: 'astropy: 3.2.3, photutils: 0.7.2'}
# - {aperture_photometry_args: 'method=''exact'', subpixels=5'}
# - {filename: Vv0018w.fits}
# - {mjd: 58756.053137}
# - __serialized_columns__:
#     sky_center:
#       __class__: astropy.coordinates.sky_coordinate.SkyCoord
#       dec: !astropy.table.SerializedColumn
#         __class__: astropy.coordinates.angles.Latitude
#         unit: &id001 !astropy.units.Unit {unit: deg}
#         value: !astropy.table.SerializedColumn {name: sky_center.dec}
#       equinox: !astropy.time.Time {format: jyear, in_subfmt: '*', jd1: 2451545.0, jd2: 0.0, out_subfmt: '*', precision: 3, scale: tt}
#       frame: fk5
#       ra: !astropy.table.SerializedColumn
#         __class__: astropy.coordinates.angles.Longitude
#         unit: *id001
#         value: !astropy.table.SerializedColumn {name: sky_center.ra}
#         wrap_angle: !astropy.coordinates.Angle
#           unit: *id001
#           value: 360.0
#       representation_type: spherical
#     xcenter:
#       __class__: astropy.units.quantity.Quantity
#       __info__: {format: '%.8g'}
#       unit: &id002 !astropy.units.Unit {unit: pix}
#       value: !astropy.table.SerializedColumn {name: xcenter}
#     ycenter:
#       __class__: astropy.units.quantity.Quantity
#       __info__: {format: '%.8g'}
#       unit: *id002
#       value: !astropy.table.SerializedColumn {name: ycenter}
# schema: astropy-2.0
id xcenter ycenter sky_center.ra sky_center.dec aperture_sum aper_bkg aper_sum_bkgsub inst_mag inst_mag_err
1 288.87935 940.29728 339.9309116332052 -46.958963466049454 84927.845 79622.459 5305.3859 15.688208 0.0033273395
2 93.063749 923.26454 339.97534729282194 -46.9560703554799 83033.898 81695.557 1338.3412 17.183583 0.0034531735
3 831.58484 862.07578 339.8063180584164 -46.94610018595023 94769.753 77621.955 17147.797 14.414479 0.0031380607
4 968.79688 844.79431 339.7743848599585 -46.942926485111876 82979.994 78288.458 4691.5356 15.821712 0.0035631423
5 318.44623 834.61565 339.9244439002668 -46.94245405519429 310722.64 79737.475 230985.17 11.59104 0.001442762
6 381.54107 818.43277 339.91007312865753 -46.93991908672667 80365.512 79190.52 1174.9915 17.324913 0.0034513024
7 134.70278 791.22981 339.96633241871183 -46.93555272663725 82758.441 81152.027 1606.4146 16.985356 0.0034692201
8 264.55102 743.93198 339.9369420881023 -46.928255637474635 147311.71 79560.523 67751.182 12.922708 0.0023235572
9 529.76017 714.62352 339.87625020596397 -46.92350777142691 80539.596 78849.718 1689.8776 16.930362 0.0034580924
10 601.5009 696.28534 339.8597350114747 -46.920505279732915 82036.375 78807.525 3228.8495 16.22738 0.0034066403
11 870.9454 646.36344 339.79724228355155 -46.91188491038585 94168.979 78630.814 15538.165 14.521501 0.0031619325
12 202.18079 629.46522 339.95141433252803 -46.91033256266307 81218.675 80212.109 1006.5662 17.492894 0.003423625
13 352.35386 607.77968 339.9171538445837 -46.90691105138251 95287.802 79293.687 15994.115 14.490099 0.0031345528
14 305.47543 503.39363 339.92806616081225 -46.89056608723786 82836.056 80167.508 2668.5485 16.434312 0.0034628755
15 516.52273 487.48095 339.8795575105865 -46.88779094267845 81393.21 79808.857 1584.3529 17.00037 0.0035248695
16 216.14285 474.64822 339.94854866215985 -46.886097219955246 103415.77 80336.304 23079.463 14.091936 0.0028886348
17 247.30815 461.32736 339.94144960001574 -46.883999886869965 85549.112 80738.643 4810.4696 15.794531 0.0033686709
18 258.35291 445.40528 339.9389496824826 -46.88149798439518 82929.56 80739.513 2190.0468 16.648866 0.0034574164
19 424.67482 444.37172 339.9007741119037 -46.88116535806628 112771.12 79865.424 32905.695 13.706822 0.002724103
20 482.48991 440.33825 339.88745346935605 -46.880432457313745 95124.076 79713.003 15411.072 14.530418 0.0030590646
21 637.28706 413.58258 339.8516499887513 -46.875846098831545 293788.01 80223.171 213564.84 11.676176 0.0015039823
22 430.4315 372.20907 339.8995202276603 -46.86980116843778 84095.87 80204.253 3891.6168 16.024675 0.0034278338
23 516.10232 373.56199 339.8797409501453 -46.86984244260774 82980.489 80178.657 2801.8325 16.381395 0.0033669339
24 755.22141 345.19051 339.82421229624833 -46.86464007694389 84205.563 79755.053 4450.5094 15.878976 0.0034274443
25 723.22981 321.32623 339.83166735820424 -46.86098041270324 88698.338 79770.122 8928.2165 15.123088 0.0033092037
26 492.8136 246.417 339.8851945101811 -46.84984680351322 93860.26 80204.919 13655.341 14.661744 0.0030856392
27 904.40149 248.59632 339.7892403804744 -46.848671184765365 79166.683 79333.028 -166.34467 nan 0.0036584343
28 787.14478 242.22083 339.8167145632464 -46.848196077746856 83521.237 79697.524 3823.7132 16.043787 0.0034467097
29 696.79084 236.92248 339.837811394823 -46.847715685697366 81832.729 79689.607 2143.1221 16.672383 0.0035003584
30 247.1217 223.61937 339.94183711492633 -46.846692686002555 84575.157 81365.241 3209.9162 16.233766 0.0034262388
31 444.66047 216.10707 339.89634604413055 -46.845180631192434 83551.543 80282.447 3269.0967 16.213931 0.0034389582
32 976.62276 220.504 339.7722259618557 -46.843830557519006 83703.835 79340.764 4363.071 15.900519 0.003366369
33 767.99076 174.25226 339.8211530470592 -46.83749844653641 82483.169 79580.334 2902.8349 16.342944 0.0034721756
34 784.29354 161.8915 339.8173289721664 -46.83546609775716 84254.588 79361.918 4892.6697 15.776135 0.003433937
35 789.25669 155.49326 339.8161619852488 -46.83442859657349 82698.128 79275.633 3422.495 16.164143 0.0034789061
36 227.71265 140.00262 339.94638567553443 -46.83357465085982 83477.209 81608.94 1868.2692 16.821401 0.0034525598
37 184.5573 123.47987 339.95630639867977 -46.83102506663694 85586.921 82187.548 3399.3728 16.171503 0.003300221
38 703.61823 127.35017 339.8361721151953 -46.8303308719412 82565.689 79627.567 2938.1225 16.329825 0.0034696829
39 24.905468 30.814843 339.99295762880223 -46.81658368813214 89719.426 57112.455 32606.971 13.716724 0.023800072
